Peak Emission (eV), PLQY (%), QFLS (eV)
-, -, -
Integration time (ms):
300

3.485037E+2	1.589182E+3
3.493097E+2	1.581818E+3
3.501156E+2	1.577333E+3
3.509213E+2	1.580394E+3
3.517270E+2	1.583515E+3
3.525326E+2	1.587788E+3
3.533382E+2	1.588091E+3
3.541436E+2	1.589909E+3
3.549489E+2	1.590727E+3
3.557542E+2	1.590576E+3
3.565593E+2	1.589545E+3
3.573644E+2	1.589394E+3
3.581694E+2	1.589061E+3
3.589743E+2	1.588818E+3
3.597791E+2	1.588152E+3
3.605838E+2	1.588242E+3
3.613884E+2	1.588515E+3
3.621930E+2	1.588788E+3
3.629974E+2	1.589061E+3
3.638018E+2	1.589515E+3
3.646060E+2	1.589697E+3
3.654102E+2	1.589242E+3
3.662143E+2	1.589061E+3
3.670183E+2	1.588667E+3
3.678223E+2	1.589000E+3
3.686261E+2	1.589394E+3
3.694298E+2	1.589879E+3
3.702335E+2	1.590273E+3
3.710371E+2	1.590333E+3
3.718406E+2	1.590424E+3
3.726439E+2	1.590485E+3
3.734473E+2	1.590091E+3
3.742505E+2	1.590182E+3
3.750536E+2	1.590152E+3
3.758566E+2	1.590909E+3
3.766596E+2	1.591636E+3
3.774625E+2	1.591818E+3
3.782652E+2	1.592061E+3
3.790679E+2	1.592424E+3
3.798705E+2	1.593091E+3
3.806730E+2	1.593212E+3
3.814755E+2	1.592879E+3
3.822778E+2	1.592788E+3
3.830801E+2	1.593121E+3
3.838822E+2	1.593000E+3
3.846843E+2	1.592848E+3
3.854863E+2	1.592364E+3
3.862882E+2	1.592394E+3
3.870900E+2	1.592939E+3
3.878917E+2	1.592939E+3
3.886934E+2	1.592515E+3
3.894949E+2	1.592273E+3
3.902964E+2	1.592606E+3
3.910977E+2	1.593758E+3
3.918990E+2	1.594061E+3
3.927002E+2	1.594515E+3
3.935013E+2	1.593818E+3
3.943024E+2	1.594091E+3
3.951033E+2	1.593455E+3
3.959041E+2	1.593848E+3
3.967049E+2	1.593121E+3
3.975056E+2	1.593152E+3
3.983062E+2	1.593303E+3
3.991067E+2	1.593909E+3
3.999071E+2	1.594091E+3
4.007074E+2	1.593758E+3
4.015076E+2	1.593545E+3
4.023078E+2	1.593545E+3
4.031078E+2	1.593606E+3
4.039078E+2	1.593152E+3
4.047077E+2	1.593061E+3
4.055075E+2	1.593212E+3
4.063072E+2	1.593273E+3
4.071068E+2	1.593091E+3
4.079064E+2	1.592727E+3
4.087058E+2	1.592606E+3
4.095052E+2	1.592667E+3
4.103045E+2	1.592515E+3
4.111037E+2	1.593667E+3
4.119028E+2	1.593545E+3
4.127018E+2	1.594061E+3
4.135007E+2	1.593273E+3
4.142995E+2	1.593424E+3
4.150983E+2	1.593394E+3
4.158970E+2	1.593727E+3
4.166955E+2	1.594061E+3
4.174940E+2	1.593636E+3
4.182924E+2	1.593485E+3
4.190908E+2	1.593303E+3
4.198890E+2	1.593970E+3
4.206871E+2	1.593788E+3
4.214852E+2	1.594273E+3
4.222832E+2	1.593848E+3
4.230810E+2	1.594636E+3
4.238788E+2	1.594333E+3
4.246765E+2	1.595000E+3
4.254742E+2	1.594667E+3
4.262717E+2	1.595273E+3
4.270692E+2	1.595242E+3
4.278665E+2	1.595636E+3
4.286638E+2	1.595758E+3
4.294610E+2	1.595939E+3
4.302581E+2	1.596121E+3
4.310551E+2	1.595697E+3
4.318520E+2	1.595758E+3
4.326489E+2	1.595303E+3
4.334456E+2	1.595242E+3
4.342423E+2	1.594970E+3
4.350389E+2	1.595242E+3
4.358354E+2	1.596121E+3
4.366318E+2	1.596545E+3
4.374281E+2	1.596636E+3
4.382243E+2	1.596182E+3
4.390205E+2	1.595970E+3
4.398165E+2	1.596515E+3
4.406125E+2	1.596636E+3
4.414084E+2	1.596485E+3
4.422042E+2	1.596242E+3
4.429999E+2	1.596576E+3
4.437956E+2	1.596909E+3
4.445911E+2	1.596485E+3
4.453866E+2	1.595970E+3
4.461819E+2	1.595545E+3
4.469772E+2	1.595879E+3
4.477724E+2	1.595697E+3
4.485675E+2	1.595667E+3
4.493626E+2	1.595030E+3
4.501575E+2	1.594758E+3
4.509523E+2	1.594485E+3
4.517471E+2	1.594273E+3
4.525418E+2	1.594364E+3
4.533364E+2	1.594485E+3
4.541309E+2	1.594424E+3
4.549253E+2	1.594061E+3
4.557197E+2	1.593939E+3
4.565139E+2	1.593424E+3
4.573081E+2	1.593273E+3
4.581021E+2	1.592939E+3
4.588961E+2	1.593333E+3
4.596900E+2	1.593364E+3
4.604839E+2	1.593303E+3
4.612776E+2	1.593727E+3
4.620712E+2	1.594333E+3
4.628648E+2	1.594667E+3
4.636583E+2	1.594333E+3
4.644517E+2	1.594061E+3
4.652450E+2	1.594030E+3
4.660382E+2	1.594121E+3
4.668313E+2	1.594333E+3
4.676244E+2	1.594333E+3
4.684173E+2	1.593818E+3
4.692102E+2	1.593242E+3
4.700030E+2	1.593242E+3
4.707957E+2	1.593152E+3
4.715883E+2	1.593485E+3
4.723808E+2	1.593727E+3
4.731733E+2	1.595303E+3
4.739656E+2	1.595303E+3
4.747579E+2	1.595394E+3
4.755501E+2	1.595485E+3
4.763422E+2	1.597303E+3
4.771342E+2	1.597879E+3
4.779262E+2	1.598515E+3
4.787180E+2	1.598303E+3
4.795098E+2	1.600333E+3
4.803014E+2	1.601273E+3
4.810930E+2	1.602485E+3
4.818845E+2	1.603303E+3
4.826759E+2	1.604606E+3
4.834673E+2	1.605515E+3
4.842585E+2	1.605364E+3
4.850497E+2	1.606515E+3
4.858408E+2	1.607182E+3
4.866318E+2	1.608333E+3
4.874227E+2	1.608394E+3
4.882135E+2	1.609364E+3
4.890042E+2	1.610515E+3
4.897949E+2	1.611121E+3
4.905854E+2	1.611848E+3
4.913759E+2	1.613152E+3
4.921663E+2	1.614152E+3
4.929566E+2	1.614667E+3
4.937468E+2	1.614061E+3
4.945370E+2	1.615242E+3
4.953270E+2	1.616697E+3
4.961170E+2	1.618273E+3
4.969069E+2	1.618758E+3
4.976967E+2	1.619848E+3
4.984864E+2	1.621333E+3
4.992760E+2	1.622697E+3
5.000655E+2	1.623818E+3
5.008550E+2	1.625242E+3
5.016444E+2	1.627758E+3
5.024337E+2	1.630333E+3
5.032229E+2	1.634758E+3
5.040120E+2	1.638758E+3
5.048010E+2	1.644182E+3
5.055899E+2	1.648758E+3
5.063788E+2	1.654545E+3
5.071676E+2	1.660303E+3
5.079563E+2	1.665303E+3
5.087449E+2	1.669485E+3
5.095334E+2	1.675212E+3
5.103218E+2	1.682394E+3
5.111102E+2	1.691182E+3
5.118984E+2	1.698970E+3
5.126866E+2	1.706455E+3
5.134747E+2	1.714636E+3
5.142627E+2	1.721697E+3
5.150507E+2	1.729485E+3
5.158385E+2	1.737364E+3
5.166263E+2	1.744212E+3
5.174139E+2	1.751242E+3
5.182015E+2	1.757879E+3
5.189890E+2	1.770091E+3
5.197764E+2	1.785455E+3
5.205638E+2	1.805667E+3
5.213510E+2	1.829273E+3
5.221382E+2	1.856303E+3
5.229253E+2	1.889030E+3
5.237123E+2	1.933606E+3
5.244992E+2	2.003758E+3
5.252860E+2	2.121848E+3
5.260728E+2	2.359152E+3
5.268594E+2	3.035303E+3
5.276460E+2	5.742000E+3
5.284325E+2	1.464164E+4
5.292189E+2	3.278045E+4
5.300052E+2	5.527109E+4
5.307914E+2	7.163188E+4
5.315776E+2	7.301861E+4
5.323636E+2	5.839676E+4
5.331496E+2	3.554315E+4
5.339355E+2	1.562409E+4
5.347213E+2	4.996818E+3
5.355071E+2	2.346606E+3
5.362927E+2	2.000848E+3
5.370783E+2	1.910273E+3
5.378638E+2	1.859394E+3
5.386491E+2	1.821121E+3
5.394345E+2	1.793636E+3
5.402197E+2	1.772364E+3
5.410048E+2	1.753576E+3
5.417899E+2	1.737848E+3
5.425748E+2	1.723000E+3
5.433597E+2	1.711000E+3
5.441445E+2	1.699394E+3
5.449293E+2	1.689485E+3
5.457139E+2	1.681485E+3
5.464984E+2	1.674303E+3
5.472829E+2	1.668424E+3
5.480673E+2	1.664242E+3
5.488516E+2	1.661636E+3
5.496358E+2	1.659424E+3
5.504199E+2	1.656515E+3
5.512040E+2	1.653636E+3
5.519879E+2	1.651273E+3
5.527718E+2	1.649636E+3
5.535556E+2	1.647061E+3
5.543393E+2	1.643758E+3
5.551230E+2	1.640909E+3
5.559065E+2	1.638242E+3
5.566900E+2	1.637212E+3
5.574733E+2	1.635121E+3
5.582566E+2	1.634303E+3
5.590398E+2	1.632818E+3
5.598230E+2	1.632364E+3
5.606060E+2	1.630879E+3
5.613890E+2	1.630333E+3
5.621718E+2	1.630030E+3
5.629546E+2	1.630545E+3
5.637373E+2	1.630000E+3
5.645200E+2	1.628515E+3
5.653025E+2	1.627758E+3
5.660850E+2	1.627818E+3
5.668673E+2	1.627909E+3
5.676496E+2	1.627576E+3
5.684318E+2	1.627303E+3
5.692139E+2	1.627818E+3
5.699960E+2	1.627909E+3
5.707779E+2	1.628182E+3
5.715598E+2	1.626970E+3
5.723416E+2	1.627152E+3
5.731233E+2	1.626576E+3
5.739049E+2	1.625939E+3
5.746865E+2	1.624242E+3
5.754679E+2	1.621970E+3
5.762493E+2	1.621545E+3
5.770306E+2	1.620727E+3
5.778118E+2	1.621000E+3
5.785929E+2	1.620515E+3
5.793739E+2	1.621303E+3
5.801549E+2	1.620455E+3
5.809358E+2	1.620242E+3
5.817166E+2	1.619333E+3
5.824973E+2	1.619485E+3
5.832779E+2	1.619121E+3
5.840584E+2	1.619364E+3
5.848389E+2	1.619727E+3
5.856192E+2	1.619879E+3
5.863995E+2	1.619242E+3
5.871797E+2	1.619061E+3
5.879599E+2	1.618364E+3
5.887399E+2	1.619121E+3
5.895199E+2	1.618848E+3
5.902997E+2	1.619788E+3
5.910795E+2	1.619970E+3
5.918592E+2	1.619758E+3
5.926389E+2	1.619303E+3
5.934184E+2	1.618212E+3
5.941979E+2	1.618061E+3
5.949772E+2	1.618091E+3
5.957565E+2	1.618515E+3
5.965357E+2	1.618424E+3
5.973149E+2	1.618000E+3
5.980939E+2	1.618091E+3
5.988729E+2	1.618061E+3
5.996518E+2	1.618485E+3
6.004305E+2	1.618242E+3
6.012093E+2	1.619273E+3
6.019879E+2	1.618545E+3
6.027664E+2	1.618485E+3
6.035449E+2	1.617818E+3
6.043233E+2	1.618424E+3
6.051016E+2	1.618485E+3
6.058798E+2	1.617970E+3
6.066579E+2	1.617455E+3
6.074360E+2	1.616545E+3
6.082140E+2	1.616485E+3
6.089919E+2	1.617091E+3
6.097697E+2	1.617727E+3
6.105474E+2	1.619091E+3
6.113250E+2	1.618818E+3
6.121026E+2	1.618788E+3
6.128800E+2	1.617939E+3
6.136574E+2	1.618182E+3
6.144348E+2	1.618727E+3
6.152120E+2	1.619364E+3
6.159891E+2	1.619242E+3
6.167662E+2	1.619152E+3
6.175432E+2	1.618545E+3
6.183201E+2	1.618303E+3
6.190969E+2	1.618182E+3
6.198736E+2	1.618152E+3
6.206503E+2	1.618030E+3
6.214268E+2	1.618606E+3
6.222033E+2	1.619061E+3
6.229797E+2	1.620091E+3
6.237560E+2	1.619515E+3
6.245323E+2	1.619061E+3
6.253084E+2	1.618697E+3
6.260845E+2	1.618515E+3
6.268605E+2	1.618848E+3
6.276364E+2	1.618788E+3
6.284122E+2	1.619061E+3
6.291880E+2	1.619576E+3
6.299637E+2	1.620636E+3
6.307392E+2	1.621545E+3
6.315147E+2	1.620697E+3
6.322902E+2	1.618667E+3
6.330655E+2	1.616424E+3
6.338408E+2	1.615636E+3
6.346159E+2	1.615545E+3
6.353910E+2	1.615667E+3
6.361660E+2	1.616455E+3
6.369409E+2	1.617121E+3
6.377158E+2	1.617818E+3
6.384906E+2	1.618121E+3
6.392652E+2	1.618485E+3
6.400398E+2	1.618485E+3
6.408144E+2	1.618333E+3
6.415888E+2	1.618879E+3
6.423631E+2	1.619485E+3
6.431374E+2	1.620333E+3
6.439116E+2	1.620606E+3
6.446857E+2	1.621697E+3
6.454597E+2	1.622030E+3
6.462337E+2	1.622485E+3
6.470076E+2	1.623152E+3
6.477813E+2	1.625061E+3
6.485550E+2	1.626121E+3
6.493287E+2	1.627576E+3
6.501022E+2	1.628091E+3
6.508756E+2	1.630091E+3
6.516490E+2	1.632152E+3
6.524223E+2	1.633545E+3
6.531955E+2	1.635242E+3
6.539687E+2	1.636455E+3
6.547417E+2	1.639606E+3
6.555147E+2	1.641636E+3
6.562875E+2	1.644455E+3
6.570604E+2	1.646667E+3
6.578331E+2	1.650576E+3
6.586057E+2	1.653818E+3
6.593783E+2	1.657727E+3
6.601508E+2	1.661182E+3
6.609231E+2	1.664727E+3
6.616955E+2	1.668758E+3
6.624677E+2	1.673667E+3
6.632398E+2	1.679364E+3
6.640119E+2	1.685242E+3
6.647839E+2	1.691758E+3
6.655558E+2	1.699121E+3
6.663276E+2	1.705727E+3
6.670994E+2	1.712273E+3
6.678711E+2	1.719121E+3
6.686426E+2	1.728121E+3
6.694141E+2	1.737818E+3
6.701856E+2	1.747667E+3
6.709569E+2	1.759909E+3
6.717282E+2	1.771364E+3
6.724993E+2	1.784424E+3
6.732704E+2	1.796424E+3
6.740415E+2	1.811121E+3
6.748124E+2	1.827030E+3
6.755833E+2	1.844636E+3
6.763540E+2	1.861939E+3
6.771247E+2	1.880970E+3
6.778953E+2	1.901182E+3
6.786659E+2	1.923061E+3
6.794363E+2	1.945697E+3
6.802067E+2	1.970455E+3
6.809770E+2	1.997788E+3
6.817472E+2	2.029545E+3
6.825173E+2	2.060485E+3
6.832873E+2	2.094364E+3
6.840573E+2	2.129455E+3
6.848272E+2	2.167758E+3
6.855970E+2	2.208879E+3
6.863667E+2	2.251576E+3
6.871364E+2	2.302000E+3
6.879059E+2	2.353455E+3
6.886754E+2	2.407424E+3
6.894448E+2	2.464576E+3
6.902141E+2	2.527576E+3
6.909834E+2	2.594606E+3
6.917525E+2	2.665091E+3
6.925216E+2	2.742909E+3
6.932906E+2	2.825121E+3
6.940595E+2	2.909727E+3
6.948283E+2	2.999758E+3
6.955971E+2	3.097667E+3
6.963658E+2	3.205879E+3
6.971344E+2	3.320485E+3
6.979029E+2	3.440152E+3
6.986713E+2	3.568242E+3
6.994397E+2	3.702697E+3
7.002079E+2	3.850394E+3
7.009761E+2	4.006485E+3
7.017442E+2	4.170939E+3
7.025123E+2	4.348242E+3
7.032802E+2	4.536000E+3
7.040481E+2	4.739091E+3
7.048159E+2	4.951818E+3
7.055836E+2	5.178576E+3
7.063512E+2	5.417303E+3
7.071188E+2	5.676303E+3
7.078862E+2	5.948303E+3
7.086536E+2	6.238485E+3
7.094209E+2	6.541242E+3
7.101882E+2	6.859758E+3
7.109553E+2	7.195636E+3
7.117224E+2	7.549485E+3
7.124894E+2	7.923000E+3
7.132563E+2	8.317909E+3
7.140231E+2	8.731545E+3
7.147899E+2	9.166939E+3
7.155565E+2	9.622485E+3
7.163231E+2	1.009379E+4
7.170896E+2	1.057464E+4
7.178560E+2	1.107197E+4
7.186224E+2	1.158567E+4
7.193887E+2	1.212861E+4
7.201548E+2	1.268709E+4
7.209210E+2	1.326173E+4
7.216870E+2	1.386030E+4
7.224529E+2	1.446585E+4
7.232188E+2	1.508967E+4
7.239846E+2	1.571576E+4
7.247503E+2	1.634630E+4
7.255159E+2	1.698161E+4
7.262815E+2	1.760561E+4
7.270469E+2	1.823255E+4
7.278123E+2	1.884145E+4
7.285776E+2	1.943470E+4
7.293429E+2	2.001742E+4
7.301080E+2	2.059145E+4
7.308731E+2	2.114033E+4
7.316381E+2	2.166164E+4
7.324030E+2	2.214227E+4
7.331678E+2	2.260258E+4
7.339326E+2	2.300724E+4
7.346973E+2	2.340918E+4
7.354619E+2	2.376112E+4
7.362264E+2	2.409833E+4
7.369908E+2	2.435821E+4
7.377552E+2	2.458318E+4
7.385194E+2	2.475188E+4
7.392836E+2	2.487694E+4
7.400477E+2	2.495055E+4
7.408118E+2	2.498636E+4
7.415757E+2	2.499173E+4
7.423396E+2	2.493164E+4
7.431034E+2	2.482036E+4
7.438671E+2	2.466494E+4
7.446308E+2	2.449715E+4
7.453943E+2	2.431024E+4
7.461578E+2	2.409630E+4
7.469212E+2	2.384352E+4
7.476845E+2	2.355645E+4
7.484478E+2	2.324327E+4
7.492109E+2	2.292733E+4
7.499740E+2	2.258794E+4
7.507370E+2	2.221618E+4
7.515000E+2	2.181864E+4
7.522628E+2	2.140706E+4
7.530256E+2	2.098218E+4
7.537883E+2	2.054327E+4
7.545509E+2	2.007252E+4
7.553134E+2	1.958258E+4
7.560759E+2	1.908197E+4
7.568382E+2	1.857661E+4
7.576005E+2	1.807979E+4
7.583627E+2	1.756124E+4
7.591249E+2	1.705127E+4
7.598869E+2	1.652745E+4
7.606489E+2	1.602518E+4
7.614108E+2	1.551455E+4
7.621726E+2	1.501600E+4
7.629344E+2	1.450518E+4
7.636960E+2	1.401021E+4
7.644576E+2	1.350973E+4
7.652191E+2	1.303327E+4
7.659805E+2	1.255094E+4
7.667419E+2	1.207879E+4
7.675032E+2	1.160182E+4
7.682643E+2	1.114542E+4
7.690255E+2	1.070415E+4
7.697865E+2	1.028518E+4
7.705474E+2	9.873303E+3
7.713083E+2	9.469364E+3
7.720691E+2	9.074515E+3
7.728298E+2	8.698758E+3
7.735905E+2	8.336727E+3
7.743510E+2	7.992939E+3
7.751115E+2	7.654848E+3
7.758719E+2	7.333273E+3
7.766322E+2	7.020212E+3
7.773925E+2	6.735121E+3
7.781526E+2	6.467333E+3
7.789127E+2	6.213364E+3
7.796727E+2	5.961152E+3
7.804327E+2	5.723303E+3
7.811925E+2	5.501939E+3
7.819523E+2	5.291667E+3
7.827120E+2	5.089515E+3
7.834716E+2	4.896182E+3
7.842312E+2	4.716273E+3
7.849906E+2	4.542788E+3
7.857500E+2	4.379515E+3
7.865093E+2	4.226788E+3
7.872685E+2	4.086182E+3
7.880277E+2	3.947758E+3
7.887867E+2	3.818242E+3
7.895457E+2	3.694000E+3
7.903047E+2	3.577667E+3
7.910635E+2	3.468152E+3
7.918222E+2	3.367485E+3
7.925809E+2	3.276333E+3
7.933395E+2	3.183758E+3
7.940980E+2	3.094394E+3
7.948565E+2	3.009212E+3
7.956149E+2	2.933485E+3
7.963731E+2	2.863848E+3
7.971313E+2	2.796939E+3
7.978895E+2	2.731758E+3
7.986475E+2	2.669727E+3
7.994055E+2	2.612545E+3
8.001634E+2	2.558970E+3
8.009212E+2	2.507606E+3
8.016790E+2	2.461091E+3
8.024366E+2	2.417121E+3
8.031942E+2	2.375394E+3
8.039517E+2	2.333848E+3
8.047091E+2	2.295667E+3
8.054665E+2	2.262000E+3
8.062238E+2	2.230667E+3
8.069810E+2	2.198303E+3
8.077381E+2	2.167545E+3
8.084951E+2	2.135545E+3
8.092521E+2	2.110333E+3
8.100090E+2	2.083879E+3
8.107658E+2	2.060485E+3
8.115225E+2	2.036152E+3
8.122792E+2	2.015667E+3
8.130357E+2	1.995636E+3
8.137922E+2	1.977121E+3
8.145487E+2	1.959758E+3
8.153050E+2	1.943697E+3
8.160613E+2	1.927182E+3
8.168174E+2	1.911273E+3
8.175736E+2	1.896333E+3
8.183296E+2	1.884121E+3
8.190855E+2	1.871879E+3
8.198414E+2	1.859091E+3
8.205972E+2	1.847212E+3
8.213529E+2	1.835485E+3
8.221086E+2	1.826424E+3
8.228641E+2	1.816364E+3
8.236196E+2	1.805788E+3
8.243750E+2	1.796636E+3
8.251304E+2	1.788576E+3
8.258856E+2	1.782061E+3
8.266408E+2	1.775303E+3
8.273959E+2	1.767545E+3
8.281509E+2	1.759727E+3
8.289059E+2	1.752485E+3
8.296607E+2	1.747970E+3
8.304155E+2	1.742273E+3
8.311702E+2	1.737545E+3
8.319249E+2	1.730667E+3
8.326794E+2	1.726515E+3
8.334339E+2	1.721121E+3
8.341883E+2	1.717121E+3
8.349427E+2	1.712364E+3
8.356969E+2	1.708000E+3
8.364511E+2	1.704667E+3
8.372052E+2	1.700697E+3
8.379592E+2	1.697879E+3
8.387132E+2	1.694333E+3
8.394670E+2	1.692030E+3
8.402208E+2	1.687848E+3
8.409745E+2	1.684939E+3
8.417282E+2	1.681939E+3
8.424817E+2	1.678879E+3
8.432352E+2	1.675455E+3
8.439886E+2	1.672697E+3
8.447419E+2	1.670364E+3
8.454952E+2	1.667152E+3
8.462483E+2	1.663758E+3
8.470014E+2	1.661788E+3
8.477545E+2	1.660636E+3
8.485074E+2	1.659545E+3
8.492603E+2	1.656818E+3
8.500131E+2	1.654606E+3
8.507658E+2	1.651667E+3
8.515184E+2	1.650303E+3
8.522710E+2	1.648727E+3
8.530235E+2	1.647424E+3
8.537759E+2	1.645909E+3
8.545282E+2	1.644121E+3
8.552804E+2	1.643182E+3
8.560326E+2	1.641970E+3
8.567847E+2	1.641000E+3
8.575367E+2	1.638848E+3
8.582887E+2	1.637424E+3
8.590405E+2	1.635727E+3
8.597923E+2	1.635576E+3
8.605441E+2	1.634333E+3
8.612957E+2	1.633182E+3
8.620473E+2	1.631242E+3
8.627987E+2	1.630394E+3
8.635502E+2	1.630909E+3
8.643015E+2	1.629545E+3
8.650527E+2	1.628303E+3
8.658039E+2	1.626364E+3
8.665550E+2	1.625697E+3
8.673061E+2	1.624606E+3
8.680570E+2	1.623061E+3
8.688079E+2	1.622970E+3
8.695587E+2	1.622394E+3
8.703094E+2	1.621455E+3
8.710601E+2	1.620788E+3
8.718106E+2	1.619545E+3
8.725611E+2	1.619212E+3
8.733115E+2	1.617848E+3
8.740619E+2	1.617758E+3
8.748121E+2	1.616970E+3
8.755623E+2	1.616424E+3
8.763124E+2	1.615788E+3
8.770625E+2	1.615545E+3
8.778124E+2	1.615000E+3
8.785623E+2	1.614606E+3
8.793121E+2	1.614030E+3
8.800619E+2	1.613879E+3
8.808115E+2	1.612758E+3
8.815611E+2	1.611515E+3
8.823106E+2	1.610576E+3
8.830600E+2	1.610818E+3
8.838094E+2	1.610576E+3
8.845587E+2	1.610273E+3
8.853079E+2	1.609909E+3
8.860570E+2	1.609970E+3
8.868060E+2	1.609636E+3
8.875550E+2	1.609273E+3
8.883039E+2	1.608515E+3
8.890527E+2	1.607970E+3
8.898015E+2	1.607606E+3
8.905501E+2	1.607667E+3
8.912987E+2	1.606970E+3
8.920473E+2	1.606000E+3
8.927957E+2	1.605485E+3
8.935441E+2	1.605788E+3
8.942924E+2	1.605727E+3
8.950406E+2	1.605333E+3
8.957887E+2	1.604727E+3
8.965368E+2	1.604242E+3
8.972848E+2	1.603697E+3
8.980327E+2	1.602939E+3
8.987805E+2	1.602636E+3
8.995283E+2	1.602848E+3
9.002760E+2	1.602727E+3
9.010236E+2	1.602788E+3
9.017711E+2	1.602182E+3
9.025186E+2	1.602121E+3
9.032660E+2	1.601606E+3
9.040133E+2	1.601091E+3
9.047605E+2	1.600636E+3
9.055076E+2	1.600364E+3
9.062547E+2	1.599636E+3
9.070017E+2	1.599333E+3
9.077487E+2	1.599000E+3
9.084955E+2	1.599091E+3
9.092423E+2	1.598606E+3
9.099890E+2	1.598576E+3
9.107356E+2	1.598242E+3
9.114822E+2	1.598061E+3
9.122287E+2	1.597727E+3
9.129751E+2	1.597818E+3
9.137214E+2	1.598091E+3
9.144677E+2	1.597242E+3
9.152138E+2	1.597091E+3
9.159599E+2	1.596030E+3
9.167060E+2	1.596303E+3
9.174519E+2	1.595697E+3
9.181978E+2	1.595606E+3
9.189436E+2	1.594636E+3
9.196893E+2	1.594758E+3
9.204350E+2	1.595394E+3
9.211806E+2	1.595818E+3
9.219261E+2	1.595636E+3
9.226715E+2	1.594879E+3
9.234168E+2	1.596697E+3
9.241621E+2	1.596121E+3
9.249073E+2	1.596303E+3
9.256524E+2	1.594303E+3
9.263975E+2	1.594606E+3
9.271425E+2	1.594303E+3
9.278874E+2	1.593576E+3
9.286322E+2	1.592697E+3
9.293770E+2	1.592303E+3
9.301216E+2	1.592121E+3
9.308662E+2	1.592515E+3
9.316108E+2	1.591818E+3
9.323552E+2	1.592212E+3
9.330996E+2	1.591485E+3
9.338439E+2	1.591848E+3
9.345881E+2	1.590939E+3
9.353323E+2	1.591212E+3
9.360764E+2	1.590152E+3
9.368204E+2	1.590273E+3
9.375643E+2	1.589667E+3
9.383082E+2	1.590152E+3
9.390519E+2	1.589727E+3
9.397957E+2	1.589697E+3
9.405393E+2	1.589545E+3
9.412828E+2	1.589212E+3
9.420263E+2	1.588424E+3
9.427697E+2	1.588394E+3
9.435131E+2	1.588697E+3
9.442563E+2	1.589333E+3
9.449995E+2	1.588970E+3
9.457426E+2	1.588515E+3
9.464857E+2	1.587848E+3
9.472286E+2	1.587394E+3
9.479715E+2	1.587121E+3
9.487143E+2	1.587212E+3
9.494571E+2	1.587333E+3
9.501997E+2	1.587061E+3
9.509423E+2	1.586909E+3
9.516848E+2	1.586818E+3
9.524273E+2	1.587212E+3
9.531696E+2	1.587606E+3
9.539119E+2	1.588030E+3
9.546542E+2	1.588030E+3
9.553963E+2	1.587848E+3
9.561384E+2	1.587576E+3
9.568804E+2	1.587818E+3
9.576223E+2	1.587636E+3
9.583641E+2	1.587121E+3
9.591059E+2	1.587061E+3
9.598476E+2	1.586970E+3
9.605892E+2	1.587030E+3
9.613308E+2	1.586606E+3
9.620723E+2	1.587061E+3
9.628137E+2	1.587636E+3
9.635550E+2	1.587727E+3
9.642963E+2	1.587455E+3
9.650374E+2	1.587030E+3
9.657785E+2	1.587091E+3
9.665196E+2	1.587606E+3
9.672605E+2	1.587697E+3
9.680014E+2	1.587333E+3
9.687422E+2	1.586242E+3
9.694830E+2	1.586030E+3
9.702236E+2	1.586848E+3
9.709642E+2	1.587394E+3
9.717047E+2	1.587758E+3
9.724452E+2	1.588061E+3
9.731856E+2	1.588424E+3
9.739258E+2	1.588333E+3
9.746661E+2	1.587485E+3
9.754062E+2	1.587091E+3
9.761463E+2	1.586788E+3
9.768863E+2	1.586242E+3
9.776262E+2	1.585970E+3
9.783661E+2	1.585455E+3
9.791059E+2	1.585758E+3
9.798456E+2	1.584606E+3
9.805852E+2	1.584636E+3
9.813247E+2	1.583667E+3
9.820642E+2	1.583667E+3
9.828036E+2	1.583273E+3
9.835430E+2	1.583455E+3
9.842822E+2	1.584061E+3
9.850214E+2	1.583970E+3
9.857606E+2	1.583424E+3
9.864996E+2	1.582879E+3
9.872386E+2	1.583182E+3
9.879775E+2	1.583818E+3
9.887163E+2	1.583727E+3
9.894550E+2	1.583242E+3
9.901937E+2	1.583030E+3
9.909323E+2	1.583152E+3
9.916709E+2	1.583333E+3
9.924093E+2	1.583697E+3
9.931477E+2	1.583606E+3
9.938860E+2	1.583061E+3
9.946242E+2	1.582697E+3
9.953624E+2	1.583606E+3
9.961005E+2	1.584000E+3
9.968385E+2	1.583576E+3
9.975765E+2	1.582364E+3
9.983143E+2	1.582424E+3
9.990521E+2	1.582758E+3
9.997899E+2	1.583000E+3
1.000528E+3	1.583364E+3
1.001265E+3	1.583788E+3
1.002003E+3	1.584818E+3
1.002740E+3	1.584424E+3
1.003477E+3	1.583879E+3
1.004215E+3	1.582818E+3
1.004952E+3	1.583242E+3
1.005689E+3	1.583758E+3
1.006426E+3	1.583394E+3
1.007163E+3	1.582848E+3
1.007900E+3	1.582182E+3
1.008637E+3	1.582152E+3
1.009374E+3	1.582273E+3
1.010110E+3	1.582061E+3
1.010847E+3	1.582455E+3
1.011584E+3	1.582394E+3
1.012320E+3	1.582606E+3
1.013056E+3	1.582606E+3
1.013793E+3	1.582818E+3
1.014529E+3	1.583242E+3
1.015265E+3	1.583182E+3
1.016001E+3	1.582970E+3
1.016737E+3	1.583242E+3
1.017473E+3	1.583242E+3
1.018209E+3	1.582848E+3
1.018945E+3	1.582182E+3
1.019681E+3	1.582485E+3
1.020417E+3	1.583333E+3
1.021152E+3	1.583576E+3
1.021888E+3	1.583394E+3
1.022623E+3	1.582909E+3
1.023359E+3	1.582485E+3
1.024094E+3	1.582576E+3
1.024829E+3	1.582455E+3
1.025564E+3	1.582970E+3
1.026299E+3	1.584000E+3
1.027034E+3	1.584273E+3
1.027769E+3	1.583879E+3
1.028504E+3	1.582455E+3
1.029239E+3	1.581879E+3
1.029974E+3	1.581788E+3
1.030709E+3	1.581818E+3
1.031443E+3	1.581818E+3
1.032178E+3	1.582061E+3
1.032912E+3	1.582333E+3
1.033647E+3	1.583515E+3
1.034381E+3	1.582909E+3
1.035115E+3	1.582758E+3
1.035849E+3	1.581485E+3
1.036583E+3	1.582606E+3
1.037317E+3	1.582576E+3
1.038051E+3	1.582303E+3
1.038785E+3	1.581788E+3
1.039519E+3	1.581424E+3
1.040253E+3	1.581970E+3
1.040986E+3	1.581909E+3
1.041720E+3	1.582333E+3
1.042453E+3	1.582515E+3
1.043187E+3	1.582667E+3
1.043920E+3	1.582455E+3
1.044654E+3	1.582515E+3
1.045387E+3	1.581727E+3
1.046120E+3	1.581848E+3
1.046853E+3	1.581455E+3
1.047586E+3	1.582091E+3
1.048319E+3	1.582121E+3
1.049052E+3	1.582545E+3
1.049785E+3	1.582424E+3
1.050517E+3	1.582576E+3
1.051250E+3	1.582455E+3
1.051983E+3	1.582515E+3
1.052715E+3	1.582394E+3
1.053448E+3	1.582515E+3
1.054180E+3	1.582424E+3
1.054912E+3	1.582636E+3
1.055644E+3	1.582576E+3
1.056377E+3	1.582667E+3
1.057109E+3	1.582788E+3
1.057841E+3	1.583061E+3
1.058573E+3	1.583061E+3
1.059305E+3	1.582727E+3
1.060036E+3	1.582727E+3
1.060768E+3	1.583061E+3
1.061500E+3	1.583424E+3
1.062231E+3	1.583515E+3
1.062963E+3	1.583727E+3
1.063694E+3	1.583697E+3
1.064426E+3	1.583667E+3
1.065157E+3	1.582758E+3
1.065888E+3	1.582970E+3
1.066619E+3	1.582606E+3
1.067350E+3	1.583333E+3
1.068081E+3	1.583242E+3
1.068812E+3	1.583152E+3
1.069543E+3	1.583970E+3
1.070274E+3	1.583485E+3
1.071005E+3	1.583636E+3
1.071735E+3	1.582697E+3
1.072466E+3	1.583000E+3
1.073196E+3	1.582970E+3
1.073927E+3	1.583333E+3
1.074657E+3	1.583303E+3
1.075387E+3	1.583000E+3
1.076118E+3	1.582030E+3
1.076848E+3	1.581939E+3
1.077578E+3	1.581727E+3
1.078308E+3	1.582970E+3
1.079038E+3	1.582212E+3
1.079768E+3	1.582485E+3
1.080498E+3	1.581455E+3
1.081227E+3	1.582242E+3
1.081957E+3	1.582394E+3
1.082686E+3	1.582879E+3
1.083416E+3	1.582303E+3
1.084145E+3	1.582545E+3
1.084875E+3	1.581818E+3
1.085604E+3	1.582061E+3
1.086333E+3	1.582152E+3
1.087062E+3	1.582333E+3
1.087792E+3	1.582727E+3
1.088521E+3	1.582212E+3
1.089250E+3	1.582242E+3
1.089978E+3	1.582121E+3
1.090707E+3	1.582636E+3
1.091436E+3	1.582667E+3
1.092165E+3	1.583121E+3
1.092893E+3	1.582727E+3
1.093622E+3	1.583091E+3
1.094350E+3	1.582606E+3
1.095079E+3	1.582576E+3
1.095807E+3	1.582182E+3
1.096535E+3	1.581970E+3
1.097263E+3	1.581758E+3
1.097991E+3	1.582303E+3
1.098719E+3	1.582667E+3
1.099447E+3	1.583061E+3
1.100175E+3	1.582697E+3
1.100903E+3	1.582697E+3
1.101631E+3	1.582636E+3
1.102358E+3	1.582545E+3
1.103086E+3	1.582636E+3
1.103814E+3	1.582667E+3
1.104541E+3	1.587606E+3
1.105268E+3	1.587364E+3
1.105996E+3	1.587848E+3
1.106723E+3	1.582848E+3
1.107450E+3	1.583212E+3
1.108177E+3	1.582485E+3
1.108904E+3	1.583333E+3
1.109631E+3	1.583212E+3
1.110358E+3	1.583242E+3
1.111085E+3	1.583091E+3
1.111812E+3	1.583424E+3
1.112538E+3	1.584061E+3
1.113265E+3	1.583788E+3
1.113992E+3	1.583576E+3
1.114718E+3	1.583455E+3
1.115444E+3	1.583606E+3
1.116171E+3	1.583455E+3
1.116897E+3	1.583333E+3
1.117623E+3	1.582879E+3
1.118349E+3	1.583000E+3
1.119075E+3	1.583152E+3
1.119801E+3	1.583364E+3
1.120527E+3	1.583455E+3
1.121253E+3	1.583455E+3
1.121979E+3	1.584000E+3
1.122705E+3	1.584182E+3
1.123430E+3	1.584182E+3
1.124156E+3	1.584000E+3
1.124881E+3	1.583636E+3
1.125607E+3	1.583727E+3
1.126332E+3	1.583970E+3
1.127057E+3	1.584000E+3
1.127783E+3	1.583939E+3
1.128508E+3	1.583697E+3
1.129233E+3	1.583909E+3
1.129958E+3	1.583970E+3
1.130683E+3	1.584182E+3
1.131408E+3	1.584424E+3
1.132132E+3	1.584879E+3
1.132857E+3	1.584879E+3
1.133582E+3	1.584758E+3
1.134306E+3	1.584455E+3
1.135031E+3	1.584394E+3
1.135755E+3	1.584515E+3
1.136480E+3	1.585333E+3
1.137204E+3	1.585333E+3
1.137928E+3	1.584758E+3
1.138652E+3	1.583788E+3
1.139377E+3	1.583545E+3
1.140101E+3	1.584394E+3
1.140825E+3	1.584273E+3
1.141548E+3	1.581697E+3
1.142272E+3	1.578545E+3
1.142996E+3	1.576121E+3
1.143720E+3	1.576273E+3
1.144443E+3	1.576455E+3
