   h    k    l      d (Å)      F(real)      F(imag)          |F|         2θ          I    M
   0    1    2   6.997524   440.025878    29.236023      440.996   12.64000   42.40691    6
   1    1    0   6.860950   402.480343    33.478491       403.87   12.89267   34.16764    6
   2    0    2   4.898997    28.436650   -34.878067      45.0014   18.09295    0.21242    6
   1    1    3   4.416752   357.613408    96.428446      370.386   20.08788   23.19560   12
   2    1    1   4.347657   -62.833468    31.492402      70.2838   20.41052    0.80814   12
   1    0    4   4.067371    57.054003    53.944985      78.5189   21.83372    0.43847    6
   1    2    2   3.986940  -140.222850    -6.898105      140.392   22.27976    2.68796   12
   3    0    0   3.961171   976.929122   185.986656      994.476   22.42657   66.51948    6
   0    2    4   3.498762   902.269542   136.676366      912.563   25.43717   43.01975    6
   2    2    0   3.430475   -36.276523    28.422195      46.0848   25.95226    0.10517    6
   1    3    1   3.237761  -773.237647   -80.558773      777.423   27.52646   52.84368   12
   2    1    4   3.116880  1042.618018   109.252634      1048.33   28.61632   88.47038   12
   3    1    2   3.080240   550.237314    56.173221      553.097   28.96411   24.00027   12
   2    2    3   2.948927 -1178.305377  -117.348353      1184.13   30.28403  100.00000   12
   0    0    6   2.885883 -1329.803386  -158.604916      1339.23   30.96200   20.32827    2
   0    4    2   2.810037   170.535971    38.500820      174.828   31.81954    0.97987    6
   1    2    5   2.742535   282.357722    43.872833      285.746   32.62430    4.96012   12
   3    2    1   2.693089  -144.516791   -19.692668      145.852   33.24051    1.24093   12
   1    1    6   2.660139   413.441339    61.203375      417.947   33.66442    9.91308   12
   1    3    4   2.622318   426.122945    48.208812      428.841   34.16476   10.10695   12
   2    3    2   2.600385  -246.350774   -55.555505      252.537   34.46190    3.43941   12
   4    1    0   2.593195   594.201391    54.964742      596.738   34.56044   19.08515   12
   4    0    4   2.449498   407.579480    46.875295      410.266   36.65778    3.96466    6
   3    1    5   2.387459  -421.002860   -63.717849      425.797   37.64565    8.05523   12
   4    1    3   2.365419   117.796914    48.502712      127.392   38.00981    0.70587   12
   1    4    3   2.365419   300.136156    57.743912       305.64   38.00981    4.06316   12
   0    3    6   2.332508     9.547551   -74.401786      75.0119   38.56716    0.11849    6
   3    0    6   2.332508  -350.732969   -91.458592      362.461   38.56716    2.76667    6
   3    2    4   2.306885   983.858577   149.085941       995.09   39.01278   40.65706   12
   5    0    2   2.291910  -195.988181   -82.310552      212.571   39.27811    0.91382    6
   3    3    0   2.286983   742.519111   135.513228      754.784   39.36622   11.46405    6
   2    4    1   2.227119   245.295279    72.644177      255.826   40.46998    2.47689   12
   2    2    6   2.208376   606.230457    58.431543       609.04   40.82870   13.76469   12
   4    2    2   2.173828   262.628836    44.686014      266.403   41.50725    2.53846   12
   2    1    7   2.166755   226.539628   -19.364296      227.366   41.64903    1.83498   12
   2    3    5   2.142122    99.111799    -5.835334      99.2834   42.15066    0.34064   12
   0    1    8   2.129381   683.945029    82.521985      688.905   42.41500    8.08632    6
   3    3    3   2.126159   265.182208    26.297000      266.483   42.48240    2.41132   12
   5    1    1   2.118310   534.541603    56.043136      537.471   42.64748    9.72411   12
   0    5    4   2.083348   583.720086   156.663850      604.378   43.39913    5.91139    6
   1    5    2   2.072298   384.903811    21.913813      385.527   43.64237    4.75067   12
   2    0    8   2.033685   573.671563   116.607016      585.403   44.51487    5.23800    6
   2    4    4   1.993470   306.338257    41.628596      309.154   45.46259    2.78603   12
   6    0    0   1.980586  1184.421573   143.084028      1193.03   45.77507   20.42622    6
   1    3    7   1.978403   665.728783    75.267153       669.97   45.82844   12.84931   12
   1    2    8   1.949831   527.314760    84.264504      534.005   46.53919    7.88377   12
   4    3    1   1.941320   104.770950   -35.103411      110.495   46.75532    0.33402   12
   1    4    6   1.928869   199.739861    39.414053      203.591   47.07527    1.11658   12
   4    1    6   1.928869   123.525193    34.953506      128.375   47.07527    0.44395   12
   5    1    4   1.914303    90.257355    58.604564      107.615   47.45535    0.30633   12
   3    4    2   1.905720   425.545980    51.929665      428.703   47.68229    4.80910   12
   5    2    0   1.902885   546.773836    81.425002      552.803   47.75775    7.96771   12
   4    2    5   1.884250    56.149659    58.912824      81.3849   48.25996    0.16864   12
   1    1    9   1.852468  -322.183940   -83.928935      332.936   49.14216    2.70843   12
   3    2    7   1.831934   286.243680    27.908101      287.601   49.73013    1.96709   12
   1    5    5   1.816974   459.129321    50.228960      461.869   50.16777    4.97303   12
   3    1    8   1.809179    88.837891    33.394229       94.907   50.39898    0.20779   12
   2    5    3   1.807202   151.878490   -20.508554      153.257   50.45799    0.54041   12
   5    2    3   1.807202   -60.958627   -31.093593      68.4307   50.45799    0.10774   12
   1    6    1   1.802374  -576.729492   -98.070741      585.008   50.60264    7.82301   12
   3    3    6   1.792397   -51.921366   -40.779441      66.0211   50.90438    0.09830   12
   4    3    4   1.780691   313.253777    39.920958      315.787   51.26318    2.21315   12
   6    1    2   1.773777   402.767329    63.566002      407.753   51.47760    3.65499   12
   0    4    8   1.749381   500.464457    56.695944      503.666   52.24926    2.69543    6
   4    4    0   1.715237     7.769114    21.448037      22.8118   53.37066    0.00527    6
   1    0   10   1.713437   589.136652    40.843914      590.551   53.43121    3.52153    6
   3    4    5   1.701552  -115.528219   -44.976171      123.974   53.83439    0.30512   12
   2    3    8   1.695145   675.355897   127.372338      687.262   54.05437    9.29026   12
   3    5    1   1.689544    40.480909     1.832602      40.5224   54.24826    0.03204   12
   2    2    9   1.678038   594.658496    85.622212      600.791   54.65112    6.92441   12
   1    6    4   1.671644    59.313280    14.486970      61.0568   54.87771    0.07085   12
   0    7    2   1.665920    32.345485    14.345185      35.3838   55.08224    0.01180    6
   5    3    2   1.665920  -592.222235   -93.663194      599.583   55.08224    6.77450   12
   2    4    7   1.662730  -401.473781   -76.103318      408.623   55.19691    3.13164   12
   0    2   10   1.662380  -133.938513   -36.793355        138.9   55.20951    0.18083    6
   4    4    3   1.644171   258.051931    13.791194       258.42   55.87411    1.21830   12
   6    2    1   1.640534    91.233952     5.500229      91.3996   56.00890    0.15157   12
   6    0    6   1.632999  -335.338401   -41.938555      337.951   56.29027    1.02439    6
   0    6    6   1.632999  -376.826005   -46.476314      379.681   56.29027    1.29300    6
   2    6    2   1.618881   139.279101   -14.024709      139.983   56.82556    0.34406   12
   5    1    7   1.615953  -324.244288   -45.316147      327.396   56.93791    1.87362   12
   2    1   10   1.615632  -129.994021    -9.732539      130.358   56.95025    0.29689   12
   6    1    5   1.605657  -596.204446   -96.694300      603.995   57.33673    6.27687   12
   5    0    8   1.600270   957.032426   167.415062      971.565   57.54774    8.05351    6
   5    2    6   1.588621   224.164915    13.874798      224.594   58.00972    0.84533   12
   2    5    6   1.588621   -48.239964    -0.705496      48.2451   58.00972    0.03901   12
   3    5    4   1.580454  1091.857504   171.753490      1105.28   58.33829   20.21384   12
   7    0    4   1.580454   391.976673    58.936164      396.383   58.33829    1.29987    6
   7    1    0   1.574010   199.848002    46.594516      205.208   58.60030    0.68977   12
   4    2    8   1.558440   383.132118    45.566252      385.832   59.24377    2.37932   12
   1    4    9   1.545116  -349.722486   -55.945004      354.169   59.80644    1.96278   12
   4    1    9   1.545116   -14.811353   -35.700936      38.6514   59.80644    0.02338   12
   6    2    4   1.540120   523.143725   101.826187      532.961   60.02033    4.40934   12
   4    3    7   1.533140  -142.476911    26.811435      144.978   60.32187    0.32264   12
   1    3   10   1.532866   104.091533    30.840949      108.564   60.33378    0.18084   12
   5    3    5   1.524339   -87.307425    -3.882878      87.3937   60.70672    0.11559   12
   1    5    8   1.519728   448.124710    73.294940      454.079   60.91044    3.09726   12
   1    7    3   1.518555   -54.077511    -2.236441      54.1237   60.96248    0.04392   12
   7    1    3   1.518555  -109.710302    -6.944383       109.93   60.96248    0.18118   12
   5    4    1   1.515688   143.118697    43.688887      149.638   61.09012    0.33416   12
   4    5    2   1.498562   412.361891    54.032945      415.887   61.86445    2.51006   12
   6    3    0   1.497182   275.629744    61.220695      282.347   61.92775    1.15429   12
   4    0   10   1.495984   341.847000    45.599580      344.875   61.98282    0.85939    6
   2    6    5   1.488054   110.743708     8.923834      111.103   62.34995    0.17607   12
   1    2   11   1.485530  -371.730251   -44.698690      374.408   62.46780    1.99120   12
   4    4    6   1.474464   449.156730    55.032422      452.516   62.99009    2.85587   12
   3    3    9   1.472251  -145.119928   -19.216236      146.387   63.09566    0.29777   12
   8    0    2   1.464046     5.985938   -68.877853      69.1375   63.49033    0.03276    6
   1    6    7   1.461880   341.904765    78.943529        350.9   63.59544    1.68168   12
   3    2   10   1.461642  -180.237136   -45.885214      185.986   63.60699    0.47224   12
   3    4    8   1.450238   114.032947    32.478070      118.568   64.16661    0.18830   12
   6    3    3   1.449219    63.583836    29.325564      70.0207   64.21714    0.06556   12
   3    6    3   1.449219   -17.965349    24.605452      30.4661   64.21714    0.01241   12
   2    7    1   1.446726   282.862949    75.991813      292.893   64.34109    1.14227   12
   0    0   12   1.442942   963.336743   180.955367      980.185   64.53022    2.11862    2
   5    4    4   1.435440   245.733981    35.947278      248.349   64.90870    0.80579   12
   7    2    2   1.431811   258.585660    54.550298      264.277   65.09351    0.90688   12
   3    1   11   1.420431    79.665439    38.147584      88.3279   65.68037    0.09937   12
   1    1   12   1.412051   220.529865    31.947416      222.832   66.11986    0.62348   12
   0    8    4   1.405019   743.376887   159.594788      760.316   66.49359    3.58609    6
   3    5    7   1.399713  -129.997753    -6.021352      130.137   66.77855    0.20822   12
   0    5   10   1.399505   119.984033   -49.701848      129.871   66.78981    0.10365    6
   4    5    5   1.393006   114.595608    39.287237      121.143   67.14259    0.17838   12
   6    1    8   1.389485   282.066234    30.006320      283.658   67.33545    0.97211   12
   8    1    1   1.386395   -72.547587    -5.374123      72.7464   67.50565    0.06360   12
   1    7    6   1.381838   376.475000    37.766612      378.365   67.75834    1.70706   12
   7    1    6   1.381838   185.449208    24.569209       187.07   67.75834    0.41729   12
   2    7    4   1.376453   296.223972    28.356860      297.578   68.05963    1.04620   12
   1    8    2   1.373252  -123.711404     8.851053      124.028   68.24009    0.18074   12
   5    5    0   1.372190   624.845952   113.773656       635.12   68.30020    2.36543    6
   6    2    7   1.371464    -4.604693     1.273743      4.77762   68.34137    0.00027   12
   2    4   10   1.371267   301.426079    41.139104       304.22   68.35250    1.08372   12
   2    3   11   1.363203  -164.842329    -2.770573      164.866   68.81343    0.31389   12
   4    6    1   1.358928  -163.104097   -55.734892      172.364   69.06049    0.34057   12
   0    3   12   1.355790   497.315080   135.007928      515.315   69.24307    1.51385    6
   3    0   12   1.355790   843.595087   155.473292      857.802   69.24307    4.19479    6
   5    2    9   1.352919   240.518803    36.948263       243.34   69.41104    0.67181   12
   2    5    9   1.352919  -158.559360    14.571954      159.228   69.41104    0.28764   12
   6    4    2   1.346544   113.387957    35.736495      118.886   69.78720    0.15860   12
   5    1   10   1.344673   384.296729    23.225299      384.998   69.89846    1.65791   12
   7    2    5   1.338906   385.491003    78.787422       393.46   70.24379    1.71445   12
   5    3    8   1.335778   824.130090   149.427771      837.567   70.43265    7.72720   12
   0    7    8   1.335778   496.652989    68.727590      501.386   70.43265    1.38451    6
   5    5    3   1.334981  -178.790184   -21.483918      180.076   70.48092    0.35670   12
   7    3    1   1.333032  -453.088330   -50.144089      455.855   70.59935    2.27813   12
   2    2   12   1.330070   213.250319    39.983530      216.966   70.78014    0.51345   12
   3    6    6   1.328980    34.455317     5.221907      34.8488   70.84691    0.01322   12
   6    3    6   1.328980   352.812506    26.791984      353.828   70.84691    1.36295   12
   8    1    4   1.324187   589.810543    68.319895      593.754   71.14217    3.80646   12
   3    7    2   1.321337   292.454422    22.564610      293.324   71.31908    0.92442   12
   9    0    0   1.320390    86.672268    37.146188       94.297   71.37801    0.04769    6
   2    6    8   1.311159   301.270315    83.373623      312.594   71.95858    1.03165   12
   4    6    4   1.300192   235.293931    31.387765      237.378   72.66184    0.58382   12
   8    2    0   1.296598   417.957635    88.169149      427.156   72.89566    1.87888   12
   5    4    7   1.295985  -144.238755   -40.857190      149.914   72.93568    0.23118   12
   4    3   10   1.295819   135.644239    34.158938      139.879   72.94651    0.20121   12
   1    8    5   1.290656    10.066608    -1.651215      10.2011   73.28579    0.00106   12
   4    2   11   1.289008   -16.277020   -43.571527      46.5126   73.39480    0.02199   12
   4    4    9   1.280303   -97.884625    -5.685882      98.0496   73.97656    0.09628   12
   7    3    4   1.277456   207.708535    52.388534      214.213   74.16902    0.45735   12
   2    1   13   1.276981  -131.772325    14.459215      132.563   74.20128    0.17501   12
   6    4    5   1.268408   -10.534153   -44.844897      46.0655   74.78820    0.02083   12
   1    5   11   1.266843  -210.196041   -31.851448      212.596   74.89641    0.44246   12
   8    2    3   1.265069  -138.527585    -8.909573      138.814   75.01952    0.18807   12
   2    8    3   1.265069  -172.942378   -12.931478      173.425   75.01952    0.29355   12
   1    4   12   1.260888   233.777425    39.183989      237.039   75.31154    0.54456   12
   4    1   12   1.260888   306.002911    44.487970       309.22   75.31154    0.92672   12
   2    7    7   1.252080  -139.619335   -61.376854      152.515   75.93488    0.22215   12
   1    6   10   1.251930   416.345582    59.667522      420.599   75.94555    1.68906   12
   3    7    5   1.247272  -333.878663   -43.487667      336.699   76.27998    1.07406   12
   4    5    8   1.244742    31.336058    19.523396      36.9203   76.46298    0.01286   12
   1    9    1   1.242519  -392.465986   -76.595963      399.871   76.62457    1.50303   12
   6    5    1   1.242519  -101.824328     1.649426      101.838   76.62457    0.09749   12
   5    5    6   1.239236  -109.785702   -32.804301      114.582   76.86464    0.12275   12
   1    3   13   1.234917  -340.901427   -51.484858      344.767   77.18298    1.10346   12
   9    1    2   1.233032   411.573928    63.247447      416.405   77.32289    1.60471   12
   5    6    2   1.233032    43.219573   -20.652595      47.9005   77.32289    0.02123   12
   7    4    0   1.232263   320.188822    35.205984      322.119   77.38011    0.95907   12
   0    1   14   1.230162  -128.823132    -2.868637      128.855   77.53690    0.07647    6
   3    4   11   1.225742   258.590978    46.892686      262.808   77.86918    0.63168   12
   8    0    8   1.224749   300.360137   122.416777      324.349   77.94425    0.48030    6
   3    3   12   1.220345   482.044090   104.476418      493.236   78.27921    2.20571   12
   7    1    9   1.218250    91.787534     7.635351      92.1046   78.43966    0.07666   12
   1    7    9   1.218250   -15.833057    -3.003361      16.1154   78.43966    0.00235   12
   8    1    7   1.212354   104.498070     6.426916      104.696   78.89521    0.09812   12
   7    0   10   1.212219   208.226940    26.651816      209.926   78.90576    0.19720    6
   3    5   10   1.212219  -273.344408   -64.405515       280.83   78.90576    0.70582   12
   2    0   14   1.210853    50.890295   -18.589147      54.1791   79.01217    0.01311    6
   7    2    8   1.205690   128.246642    17.915003      129.492   79.41738    0.14853   12
   4    7    3   1.205104  -317.523330   -49.574253       321.37   79.46366    0.91400   12
   7    4    3   1.205104  -140.011962   -39.018469      145.347   79.46366    0.18696   12
   3    8    1   1.203669    36.383908     1.034443      36.3986   79.57722    0.01170   12
   0    9    6   1.200684   467.812162    41.419143      469.642   79.81473    0.96927    6
   9    0    6   1.200684   110.448730    22.734765      112.764   79.81473    0.05588    6
   1    9    4   1.197146   104.730353    13.905743      105.649   80.09824    0.09757   12
   6    5    4   1.197146   294.399292    84.289711      306.228   80.09824    0.81970   12
   3    2   13   1.196754  -218.992880   -24.340723      220.341   80.12974    0.42413   12
   8    3    2   1.195038  -176.305821   -54.343405      184.491   80.26823    0.29656   12
   4    6    7   1.193859   291.590633    58.070460      297.317   80.36368    0.76879   12
   6    2   10   1.193730   -82.284028   -22.467753      85.2963   80.37418    0.06326   12
   1    2   14   1.192425   193.353459    11.569350      193.699   80.48009    0.32559   12
   6    1   11   1.188398   392.935574    74.548011      399.945   80.80912    1.37961   12
   8    2    6   1.182709     8.854831   -14.933120      17.3611   81.27909    0.00258   12
   2    8    6   1.182709    39.625223   -11.242111      41.1891   81.27909    0.01451   12
   6    3    9   1.181566  -133.388544   -29.770040       136.67   81.37428    0.15946   12
   3    6    9   1.181566    30.563352   -19.234894      36.1123   81.37428    0.01113   12
   0   10    2   1.177313   -65.012563   -19.431196      67.8543   81.73071    0.01953    6
   7    3    7   1.176185   329.108197    39.996066       331.53   81.82579    0.93087   12
   9    1    5   1.172197  -343.651327   -71.086711      350.927   82.16408    1.03693   12
   5    6    5   1.172197   -79.775121     4.301394       79.891   82.16408    0.05374   12
   1    8    8   1.170096   374.070998    52.261775      377.704   82.34357    1.19757   12
   9    2    1   1.168249   243.433773    36.761033      246.194   82.50211    0.50745   12
   0    6   12   1.166254   487.859814    95.496806      497.119   82.67417    1.03155    6
   6    0   12   1.166254   444.200476    89.295339      453.087   82.67417    0.85691    6
   3    8    4   1.162282   477.805698   115.188137      491.494   83.01908    2.00536   12
   2    9    2   1.160353   204.998331    21.260806      206.098   83.18780    0.35166   12
   3    1   14   1.157961   319.813967    38.398975      322.111   83.39812    0.85613   12
   5    3   11   1.154272   111.146420     5.351168      111.275   83.72483    0.10165   12
   6    4    8   1.153442   332.851221    40.886257      335.353   83.79868    0.92221   12
   5    2   12   1.149761   167.259232    53.411533       175.58   84.12828    0.25154   12
   2    5   12   1.149761   447.338579    70.864277      452.917   84.12828    1.67376   12
  10    0    4   1.145955   413.193274    82.668260      421.382   84.47220    0.72072    6
   2    4   13   1.145612   364.216816    63.736391      369.752   84.50339    1.10935   12
   6    6    0   1.143492   239.738585    31.160762      241.755   84.69654    0.23646    6
   5    4   10   1.142958   102.124256    27.326722      105.717   84.74535    0.09037   12
   0    4   14   1.141813    88.979815    21.452799      91.5294   84.85023    0.03382    6
   8    3    5   1.139410   101.683668     6.700656      101.904   85.07130    0.08358   12
   1    1   15   1.138354   251.139324    62.037060      258.688   85.16887    0.53788   12
   2    6   11   1.138275   -60.099384    -7.571763      60.5745   85.17612    0.02949   12
   3    7    8   1.137480   172.613038    50.854560      179.948   85.24978    0.25998   12
   5    7    1   1.135783   342.380953    50.959611      346.153   85.40746    0.95994   12
   7    4    6   1.133274   165.749514    37.453235      169.928   85.64185    0.23060   12
   4    7    6   1.133274    80.643636    33.084158      87.1663   85.64185    0.06068   12
   9    2    4   1.130297   159.299195    44.297045      165.343   85.92177    0.21752   12
   5    1   13   1.129968    95.423204    27.094821      99.1953   85.95289    0.07826   12
   7    5    2   1.128523   305.576660    46.683655      309.122   86.08968    0.75865   12
  10    1    0   1.127933   331.198381    54.977090       335.73   86.14564    0.89423   12
   0    8   10   1.127421  -371.081952   -78.125095      379.217   86.19436    0.57009    6
   2    3   14   1.126322    -1.197508   -25.971141      25.9987   86.29903    0.00535   12
   6    6    3   1.121690   315.623769    60.926570       321.45   86.74339    0.81366   12
   8    4    1   1.120533   -68.800965    -5.015702      68.9835   86.85523    0.03742   12
   5    5    9   1.117157    97.052482    15.294786      98.2503   87.18345    0.07561   12
   4    8    2   1.113560   194.086983    40.257305      198.218   87.53640    0.30651   12
   1    9    7   1.112605   299.933110    65.605528      307.024   87.63058    0.73459   12
   6    5    7   1.112605    39.318680    -2.641630      39.4073   87.63058    0.01210   12
   2    7   10   1.112501   141.177498    38.738941      146.396   87.64093    0.16700   12
   2    9    5   1.109228   252.216676    38.204821      255.094   87.96583    0.50522   12
   1   10    3   1.106993    34.438851   -14.359022      37.3124   88.18929    0.01078   12
  10    1    3   1.106993   -92.543609   -25.183031      95.9088   88.18929    0.07125   12
   4    4   12   1.104188   154.169054    30.240629      157.107   88.47169    0.19061   12
   5    7    4   1.100816    63.642740    21.263774       67.101   88.81402    0.03465   12
   4    3   13   1.100511    29.801246   -22.776800      37.5086   88.84506    0.01082   12
   9    3    0   1.098631   242.921787    31.554186      244.963   89.03739    0.46076   12
   5    0   14   1.097142  -351.666510   -67.155319      358.021   89.19046    0.49139    6
   2    2   15   1.094072  -144.997502   -45.723664      152.036   89.50791    0.17670   12
   4    5   11   1.094002   -86.608956   -30.310302      91.7596   89.51513    0.06436   12
   8    4    4   1.086914   127.997578    24.613857      130.343   90.25854    0.12901   12
   3    8    7   1.084452    48.440015     5.620659       48.765   90.52014    0.01802   12
   8    1   10   1.084355     8.997088    11.446230       14.559   90.53049    0.00161   12
   4    2   14   1.083377   108.162917    27.091262      111.504   90.63494    0.09412   12
   7    5    5   1.081324   297.936934    46.760322      301.584   90.85517    0.68732   12
   9    1    8   1.079674     1.221365     8.811856       8.8961   91.03304    0.00060   12
   5    6    8   1.079674   413.044456    88.962900      422.516   91.03304    1.34721   12
   3    9    3   1.079254   244.790437    43.712542      248.663   91.07853    0.46646   12
   9    3    3   1.079254   183.438742    39.160464      187.572   91.07853    0.26542   12
   1    0   16   1.077746    97.525073    42.801927      106.504   91.24196    0.04273    6
   8    2    9   1.075214    29.610277     0.740675      29.6195   91.51809    0.00660   12
   2    8    9   1.075214    97.894558    10.045246      98.4086   91.51809    0.07282   12
   1    6   13   1.073244  -136.958899   -51.943108      146.478   91.73428    0.16110   12
  11    0    2   1.072006  -180.033065   -48.359068      186.415   91.87081    0.13034    6
   4    6   10   1.071061   267.765149    43.267224      271.238   91.97532    0.55148   12
   1    5   14   1.070118   -55.379289    -0.878689      55.3863   92.07982    0.02298   12
   4    8    5   1.068140  -114.840148    -8.310583       115.14   92.30020    0.09917   12
   7    2   11   1.067205  -339.026942   -65.880742      345.369   92.40473    0.89167   12
   2   10    1   1.065150    70.643859    41.562958      81.9636   92.63551    0.05015   12
   0    2   16   1.064691   461.723557    93.049013      471.006   92.68729    0.82779    6
   7    1   12   1.063637   302.701408    51.506437      307.052   92.80632    0.70311   12
   1    7   12   1.063637    94.865309    34.481935      100.938   92.80632    0.07598   12
   6    6    6   1.063079   151.489149    34.894568      155.456   92.86946    0.18016   12
  10    2    2   1.059155   104.864823    32.337129      109.738   93.31678    0.08956   12
   9    2    7   1.058334  -139.329925   -26.454281      141.819   93.41103    0.14950   12
   7    3   10   1.058244   118.612884    14.812728      119.534   93.42140    0.10620   12
   1    4   15   1.054586   249.246449    42.067741      252.772   93.84412    0.47392   12
   4    1   15   1.054586    17.631006    24.563412       30.236   93.84412    0.00678   12
   8    3    8   1.053891   538.188972   113.292379      549.984   93.92493    2.24279   12
   7    6    1   1.052541   -42.417925   -19.695445      46.7674   94.08247    0.01621   12
   2    1   16   1.052098   351.776306    67.417409      358.178   94.13434    0.95034   12
   1   10    6   1.050543    33.136670    11.681389      35.1354   94.31678    0.00914   12
  10    1    6   1.050543    86.060350    12.747003      86.9993   94.31678    0.05602   12
   0   11    4   1.048171   439.157702   104.712165      451.469   94.59680    0.75350    6
   3    5   13   1.047908   100.519191     4.782164      100.633   94.62793    0.07487   12
   6    7    2   1.046756     7.143965     8.991270      11.4839   94.76486    0.00097   12
   8    5    0   1.046285   376.870759    99.834934       389.87   94.82088    1.12287   12
   3    4   14   1.044998   251.425881    33.257352      253.616   94.97450    0.47490   12
   1    8   11   1.042285   -54.416974    -1.027894      54.4267   95.30046    0.02185   12
   0   10    8   1.041674   379.433232    79.375486      387.647   95.37418    0.55402    6
   6    3   12   1.038960    78.496532    39.863659      88.0387   95.70350    0.05710   12
   3    6   12   1.038960   413.594068    66.610128      418.924   95.70350    1.29281   12
   7    4    9   1.037666   -29.994282    23.297352      37.9793   95.86145    0.01062   12
   4    7    9   1.037666   317.266179    45.613463      320.528   95.86145    0.75651   12
   2   10    4   1.036149   143.050816    24.511634      145.136   96.04753    0.15504   12
   6    2   13   1.035895   -52.754337    -6.234055      53.1214   96.07874    0.02077   12
   5    7    7   1.034016  -229.172463   -41.029482      232.816   96.31065    0.39871   12
   3    3   15   1.030520    39.317635    10.105618      40.5956   96.74569    0.01211   12
   6    4   11   1.030462   -23.846908    33.315139      40.9704   96.75297    0.01234   12
   2    9    8   1.029872   207.721329    46.412266      212.843   96.82689    0.33291   12
   5    8    3   1.029506    41.921497     1.427037      41.9458   96.87270    0.01293   12
   8    5    3   1.029506   102.754396     6.795115      102.979   96.87270    0.07792   12
   4    9    1   1.028612  -102.639909   -30.512392      107.079   96.98519    0.08424   12
  11    1    1   1.028612    69.742573   -20.114073      72.5851   96.98519    0.03871   12
   1    3   16   1.028198   302.397724    44.718467      305.686   97.03731    0.68648   12
   3    9    6   1.026747    92.126728    27.919301      96.2643   97.22068    0.06806   12
   9    3    6   1.026747   166.707667    36.992309      170.763   97.22068    0.21417   12
   7    6    4   1.024532   314.926679    51.191604       319.06   97.50217    0.74746   12
   9    4    2   1.023210   266.898294    45.380900      270.729   97.67115    0.53809   12
   1   11    2   1.023210   328.391442    49.494095        332.1   97.67115    0.80969   12
   8    4    7   1.022469   -23.028158    -1.297707      23.0647   97.76610    0.00391   12
   6    1   14   1.021568   100.238963    31.645388      105.116   97.88197    0.08111   12
  10    2    5   1.019846   -56.800190    29.753783      64.1214   98.10434    0.03018   12
   3    7   11   1.019032   113.754837    26.376598      116.773   98.20985    0.10008   12
   4    0   16   1.016843    87.721868    27.856474      92.0386   98.49516    0.03109    6
   1    9   10   1.011222   161.490481    41.398508      166.712   99.23709    0.20405   12
   6    5   10   1.011222   101.462920    -8.932855      101.855   99.23709    0.07617   12
   6    7    5   1.008762  -140.338311   -27.739220      143.054   99.56617    0.15029   12
   7    5    8   1.007423   108.770796    21.091325      110.797   99.74657    0.09018   12
  10    3    1   1.006243   127.865271     2.595637      127.892   99.90606    0.12018   12
   3    2   16   1.005856   399.583598    91.123477      409.842   99.95858    1.23425   12
  11    1    4   1.002423    17.750159    13.825759      22.4993  100.42709    0.00372   12
   4    9    4   1.002423   101.666467    17.876196      103.226  100.42709    0.07836   12
   5    4   13   1.002193   110.086833    31.561513      114.522  100.45865    0.09646   12
   3   10    2   1.001184    57.362969   -11.602424      58.5246  100.59745    0.02520   12
   0    7   14   0.999646     4.846115     5.403953      7.25862  100.81003    0.00019    6
   5    3   14   0.999646   -98.492027   -43.177019       107.54  100.81003    0.08512   12
   4    8    8   0.996735   194.823627    25.859629      196.532  101.21556    0.28457   12
   5    5   12   0.994357   363.335167    82.786524      372.647  101.54991    1.02409   12
   1    2   17   0.993327   247.157952    32.205065      249.247  101.69560    0.45835   12
  12    0    0   0.990293   148.586443    24.496101      150.592  102.12776    0.08378    6
   3    8   10   0.989946    -0.062600   -32.241184      32.2412  102.17749    0.00768   12
   2    6   14   0.989202    93.326068    -5.350323      93.4793  102.28435    0.06460   12
   9    4    5   0.987638  -137.174766   -32.643325      141.005  102.50982    0.14712   12
   1   11    5   0.987638    31.262477   -21.671611      38.0395  102.50982    0.01071   12
   2    5   15   0.986950    41.894490   -13.784591       44.104  102.60942    0.01440   12
   5    2   15   0.986950  -226.293950   -31.304875      228.449  102.60942    0.38631   12
   0    5   16   0.984910   294.742789    96.836259      310.243  102.90627    0.35667    6
   5    8    6   0.983634    60.803303   -26.619370      66.3749  103.09300    0.03268   12
   8    5    6   0.983634  -132.318551   -41.326112      138.622  103.09300    0.14253   12
   6    6    9   0.982976  -211.011521   -48.208085      216.448  103.18963    0.34765   12
  10    3    4   0.981686   266.188348    70.115150      275.268  103.37979    0.56277   12
   2    7   13   0.981470    67.473438    43.235539      80.1372  103.41169    0.04770   12
  11    2    0   0.980136   327.334750    73.550769      335.496  103.60946    0.83691   12
   7    7    0   0.980136   -14.329204     3.001582      14.6402  103.60946    0.00080    6
   2   10    7   0.979871  -213.053706   -48.433808       218.49  103.64883    0.35502   12
  10    0   10   0.979799    41.374641    -5.977189      41.8042  103.65948    0.00650    6
   9    1   11   0.976845   208.125985    52.877343      214.738  104.10148    0.34373   12
   5    6   11   0.976845     7.264732    -8.287484      11.0208  104.10148    0.00091   12
   6    8    1   0.975268    14.633786    -0.889319      14.6608  104.33933    0.00160   12
   2    4   16   0.974915   122.507788    31.778744      126.562  104.39273    0.11959   12
   0    9   12   0.974106    -6.881195    29.017924      29.8227  104.51551    0.00332    6
   9    0   12   0.974106   358.790269    49.395317      362.174  104.51551    0.49001    6
   3    1   17   0.973138    32.280034   -18.706594      37.3087  104.66297    0.01041   12
  10    1    9   0.973040   167.144081    29.676182      169.758  104.67790    0.21551   12
   1   10    9   0.973040   -90.422411     5.196633      90.5716  104.67790    0.06135   12
   8    6    2   0.970660   152.574734     3.628317      152.618  105.04267    0.17457   12
   7    6    7   0.970028   -44.472727     9.564340      45.4896  105.14013    0.01552   12
   9    2   10   0.969958   164.535921    19.183494       165.65  105.15085    0.20580   12
   3   10    5   0.967787    84.706656    -1.476988      84.7195  105.48746    0.05395   12
  11    0    8   0.966604   480.439066   101.129415      490.967  105.67209    0.90700    6
   2   11    3   0.966302   167.264216    16.144899      168.042  105.71934    0.21257   12
  11    2    3   0.966302    77.998096    11.771919      78.8814  105.71934    0.04684   12
   7    7    3   0.966302  -122.259061   -46.724295      130.883  105.71934    0.12896   12
   9    5    1   0.965562    58.681537    19.276258      61.7665  105.83538    0.02874   12
   5    1   16   0.965220   157.796036    49.366197      165.338  105.88916    0.20603   12
   2    8   12   0.964434   277.566155    66.017835      285.309  106.01281    0.61402   12
   8    2   12   0.964434   310.445505    70.972103      318.455  106.01281    0.76498   12
   8    1   13   0.961982   -65.706557    -3.847490      65.8191  106.40152    0.03277   12
   0    0   18   0.961961   -21.495733   -47.600424       52.229  106.40478    0.00344    2
   5    9    2   0.961089   -83.724613     1.534112      83.7387  106.54383    0.05310   12
   4    5   14   0.959729   258.886169    40.098318      261.973  106.76185    0.52055   12
   4    4   15   0.957672   -27.781908    -2.375149      27.8833  107.09366    0.00591   12
   8    3   11   0.957625   -82.817844    -6.971905      83.1108  107.10122    0.05253   12
  10    2    8   0.957152   253.313424    32.195579      255.351  107.17803    0.49618   12
   2    3   17   0.954132    91.664638     3.014953      91.7142  107.67114    0.06427   12
   3    9    9   0.954040  -204.415071   -37.721837      207.866  107.68631    0.33018   12
   9    3    9   0.954040   -78.315404   -27.471101      82.9938  107.68631    0.05263   12
   6    8    4   0.952860   258.944052    60.499338      265.918  107.88067    0.54124   12
   4    6   13   0.952663  -265.782484   -47.402288      269.976  107.91328    0.55805   12
   1    1   18   0.952643   167.314785    30.822662       170.13  107.91656    0.22161   12
  10    4    0   0.951443    32.992782    12.396875      35.2449  108.11549    0.00953   12
  11    1    7   0.951200   -16.640545    20.393547      26.3212  108.15575    0.00532   12
   4    9    7   0.951200    55.633131    23.760103      60.4945  108.15575    0.02808   12
   5    7   10   0.951135   204.326788    33.156212      206.999  108.16664    0.32879   12
   8    0   14   0.950475    70.351151   -35.330863      78.7245  108.27660    0.02380    6
   6    7    8   0.947971   252.239852    46.883715       256.56  108.69631    0.50750   12
   1   12    1   0.946988  -101.819750   -29.044801      105.881  108.86230    0.08657   12
   4    3   16   0.946665   233.636923    35.801145      236.364  108.91698    0.43164   12
   9    5    4   0.943802   356.802572    52.134329      360.591  109.40514    1.00932   12
   7    3   13   0.943610  -114.018678   -21.040551      115.944  109.43805    0.10438   12
  12    1    2   0.942768   169.171775    36.685482      173.104  109.58283    0.23301   12
   8    4   10   0.942125   196.821903    33.018093      199.572  109.69372    0.31006   12
   7    2   14   0.941483   236.031887    42.865470      239.893  109.80469    0.44850   12
   8    6    5   0.940135    -1.739379    -0.746610      1.89285  110.03892    0.00003   12
   2    9   11   0.939497  -160.489370   -29.749022      163.223  110.15013    0.20837   12
   4   10    3   0.938773  -166.634401   -41.061057      171.619  110.27682    0.23066   12
  10    4    3   0.938773  -191.458782   -44.157161      196.485  110.27682    0.30235   12
   7    4   12   0.937060   108.375571    23.326872      110.858  110.57805    0.09655   12
   4    7   12   0.937060   190.421737    27.581134      192.409  110.57805    0.29086   12
  12    0    6   0.936679   194.707300    38.070746      198.394  110.64542    0.15473    6
   0   12    6   0.936679   110.497154    26.698400      113.677  110.64542    0.05080    6
   0    3   18   0.934791   -58.557357   -39.542001      70.6579  110.98062    0.01970    6
   3    0   18   0.934791  -223.408371   -51.586407      229.287  110.98062    0.20743    6
  10    3    7   0.933428   -73.073168    -1.165434      73.0825  111.22441    0.04226   12
   5    9    5   0.931431    72.936088    20.888033      75.8682  111.58423    0.04573   12
   1    7   15   0.930854    38.682091     5.173859      39.0266  111.68881    0.01212   12
   7    1   15   0.930854   -37.493029    -4.844836      37.8048  111.68881    0.01137   12
   1   11    8   0.930376    47.343519    14.272944      49.4482  111.77561    0.01947   12
   9    4    8   0.930376    50.330282    15.753005       52.738  111.77561    0.02215   12
   3   11    1   0.929447   -45.021650   -11.182937      46.3897  111.94494    0.01717   12
   1    6   16   0.929141    61.219417    17.580582      63.6938  112.00072    0.03239   12
   2   11    6   0.928070   -62.677115   -16.037443      64.6964  112.19710    0.03349   12
  11    2    6   0.928070    46.095901    -9.346916       47.034  112.19710    0.01770   12
   7    7    6   0.928070   265.118381    49.467156      269.694  112.19710    0.58204   12
   4    2   17   0.927602    46.331928    30.116122      55.2596  112.28314    0.02446   12
   1   12    4   0.926433   114.254977    18.465144      115.737  112.49893    0.10758   12
   2    2   18   0.926234    69.364145    17.743991      71.5977  112.53591    0.04119   12
  11    3    2   0.925456   -70.930635   -17.472849       73.051  112.68035    0.04295   12
   1    8   14   0.924240   142.343810    22.958889      144.183  112.90693    0.16780   12
   7    5   11   0.922361  -144.857108   -31.353671      148.211  113.25984    0.17810   12
   1    5   17   0.919239    33.852454    13.592609      36.4794  113.85317    0.01087   12
   8    5    9   0.919156   -86.367112    -7.044473      86.6539  113.86897    0.06136   12
   5    8    9   0.919156    32.737926     4.713004      33.0754  113.86897    0.00894   12
   0   11   10   0.916558   -11.303228   -28.836519      30.9727  114.36970    0.00395    6
   6    4   14   0.915967    68.665821    21.591497      71.9805  114.48441    0.04269   12
  12    1    5   0.914725  -145.590581   -30.739174        148.8  114.72662    0.18303   12
   6    3   15   0.914178   127.178511    24.120364      129.446  114.83369    0.13872   12
   3    6   15   0.914178     2.323505    14.647729      14.8309  114.83369    0.00182   12
   4    8   11   0.914138    78.332371     6.312572      78.5863  114.84165    0.05113   12
   3   10    8   0.913726   232.024320    64.822305      240.909  114.92257    0.48107   12
   8    7    1   0.912845     5.429595     1.138850      5.54775  115.09598    0.00026   12
   7    0   16   0.912556   120.399999    33.725434      125.034  115.15312    0.06500    6
   3    5   16   0.912556   336.286984    90.813411      348.333  115.15312    1.00898   12
   3   11    4   0.909990   319.619435    69.532971      327.095  115.66361    0.89617   12
   1    9   13   0.909818  -154.402035   -44.683533      160.738  115.69805    0.21652   12
   6    5   13   0.909818    28.835767     4.738804      29.2226  115.69805    0.00716   12
   0   13    2   0.909063  -187.034522   -40.716504      191.415  115.84959    0.15386    6
   7    8    2   0.909063    60.850417    18.776177      63.6814  115.84959    0.03406   12
   9    6    0   0.908755    21.183453     6.169767      22.0637  115.91165    0.00409   12
   6    8    7   0.908544    -9.757544     2.204190      10.0034  115.95420    0.00084   12
   2   10   10   0.908487   215.692854    35.912671      218.662  115.96570    0.40224   12
   3    7   14   0.907912    94.276327     8.676478      94.6747  116.08193    0.07553   12
  12    2    1   0.904871   133.422605    38.659840      138.911  116.70174    0.16412   12
   6    2   16   0.904590   352.924587    72.604465      360.315  116.75966    1.10515   12
   4   10    6   0.903601   233.706337    42.200712      237.486  116.96362    0.48159   12
  10    4    6   0.903601   198.707666    37.030174      202.129  116.96362    0.34886   12
   3    4   17   0.903169  -218.506722   -36.632238      221.556  117.05301    0.41972   12
   1    4   18   0.901906   160.266920    25.778057      162.327  117.31571    0.22622   12
   4    1   18   0.901906   129.356610    22.667899      131.328  117.31571    0.14807   12
   2   12    2   0.901187   167.317676    35.204830      170.981  117.46589    0.25157   12
   9    5    7   0.900681   -33.375310   -14.444722       36.367  117.57199    0.01140   12
   7    6   10   0.900626    50.393655    12.322835      51.8784  117.58366    0.02320   12
  11    3    5   0.898887   -44.331105   -10.079558      45.4626  117.95057    0.01792   12
   6    9    3   0.897696    98.204885    41.312751      106.541  118.20369    0.09882   12
   9    6    3   0.897696    71.480030    38.822803      81.3425  118.20369    0.05760   12
   5   10    1   0.897103    -0.223245    14.830123      14.8318  118.33047    0.00192   12
   6    6   12   0.896198   122.741887    23.811806       125.03  118.52449    0.13680   12
  13    0    4   0.894392   431.634695    90.800197      441.082  118.91472    0.85672    6
   8    7    4   0.894392   194.517031    35.473423      197.725  118.91472    0.34431   12
   3    8   13   0.894229   -68.322257    -7.892802      68.7766  118.95018    0.04168   12
  10    5    2   0.893512   108.883210    15.909456      110.039  119.10625    0.10698   12
   2    1   19   0.893133     8.417929   -13.140514      15.6056  119.18917    0.00215   12
   8    6    8   0.890345    76.891615    45.233982      89.2101  119.80329    0.07114   12
  10    1   12   0.888649   157.930013    40.316944      162.995  120.18175    0.23903   12
   1   10   12   0.888649   219.121064    41.215549      222.964  120.18175    0.44727   12
   6    1   17   0.887914  -172.918613   -44.805849      178.629  120.34697    0.28791   12
  12    2    4   0.886888   104.471283    17.689261      105.958  120.57844    0.10171   12
   3    3   18   0.886713   -33.212962   -20.187614       38.867  120.61813    0.01369   12
   1   12    7   0.885549    33.034050    21.944118      39.6585  120.88277    0.01432   12
  11    1   10   0.885497   179.295939    33.448529      182.389  120.89483    0.30305   12
   4    9   10   0.885497   128.998862    32.515970      133.034  120.89483    0.16123   12
   7    8    5   0.883844    27.367338     3.694662      27.6156  121.27392    0.00699   12
   5    5   15   0.883350   -20.797064    -7.646926      22.1584  121.38773    0.00451   12
  10    2   11   0.883314    59.623916   -20.968418      63.2035  121.39620    0.03672   12
   5    9    8   0.882942   258.241210    46.644584       262.42  121.48223    0.63395   12
  11    4    1   0.882148  -196.980818   -34.240669      199.935  121.66669    0.36922   12
   5    4   16   0.881887   221.084310    37.597894      224.258  121.72749    0.46504   12
   5   10    4   0.879570   210.688193    41.898752      214.814  122.27123    0.43096   12
   9    2   13   0.879415    39.589738    14.176093      42.0513  122.30794    0.01653   12
   4   11    2   0.878733   201.762556    38.722445      205.445  122.46954    0.39564   12
  13    1    0   0.878455    92.321923    28.720301      96.6861  122.53575    0.08774   12
   1    3   19   0.878372    98.699002    25.578858       101.96  122.55543    0.09760   12
   9    1   14   0.877693   209.097372    38.961390      212.696  122.71747    0.42603   12
   5    6   14   0.877693   -75.995104   -20.307511      78.6616  122.71747    0.05827   12
   2   12    5   0.876600    97.969859    35.144870      104.083  122.97960    0.10252   12
   6    7   11   0.876083   153.365989    27.367738      155.789  123.10419    0.23023   12
   0    8   16   0.874690   533.548057   109.678812      544.704  123.44183    1.41635    6
   9    3   12   0.874106    83.393733    17.724964      85.2566  123.58442    0.06959   12
   3    9   12   0.874106   167.669095    30.093330      170.348  123.58442    0.27781   12
   5    3   17   0.873406   -54.745603    -2.411256      54.7987  123.75589    0.02884   12
   2   11    9   0.873335  -143.130155   -12.625332      143.686  123.77328    0.19837   12
  11    2    9   0.873335    26.920518    -4.538959      27.3005  123.77328    0.00716   12
   7    7    9   0.873335   118.806264    40.536441      125.531  123.77328    0.15141   12
   3   11    7   0.871155    27.789163     9.720409      29.4402  124.31233    0.00842   12
  10    3   10   0.871105    10.173092    -9.711298      14.0642  124.32485    0.00192   12
  10    5    5   0.869531    61.346822    18.815049      64.1673  124.71890    0.04030   12
  12    1    8   0.868673    95.884586    18.474840      97.6482  124.93555    0.09373   12
   1   13    3   0.868454   -24.905569   -12.211991      27.7384  124.99105    0.00757   12
  13    1    3   0.868454   -16.637347   -13.413799      21.3713  124.99105    0.00449   12
   2    7   16   0.867668   140.299037    24.302676      142.388  125.19075    0.20033   12
   6    9    6   0.866795   271.982293    47.000397      276.013  125.41369    0.75615   12
   9    6    6   0.866795   139.347215    37.770829      144.375  125.41369    0.20689   12
   2    6   17   0.866414    13.404740     4.381301      14.1026  125.51148    0.00198   12
  11    4    4   0.865461    94.338092    17.773127      95.9977  125.75696    0.09211   12
   5    7   13   0.865313    84.112485    24.819575      87.6979  125.79522    0.07693   12
   0    6   18   0.865298    67.484321    -7.198937      67.8672  125.79907    0.02304    6
   6    0   18   0.865298    91.008250    -2.239660      91.0358  125.79907    0.04145    6
  12    3    0   0.864398   117.589652    19.990759      119.277  126.03265    0.14300   12
   3    2   19   0.864320    92.595896    14.053220      93.6562  126.05317    0.08820   12
   8    3   14   0.863672  -120.146269   -34.810633      125.088  126.22214    0.15789   12
   0    1   20   0.863476   322.783237    56.347767      327.665  126.27345    0.54228    6
   2    8   15   0.862173   -12.448441    -4.338182      13.1827  126.61661    0.00177   12
   8    2   15   0.862173    37.834434     4.904297       38.151  126.61661    0.01481   12
   9    4   11   0.862139   121.945824    27.977419      125.114  126.62562    0.15929   12
   1   11   11   0.862139    49.012627    22.836798      54.0718  126.62562    0.02975   12
   8    4   13   0.858512    65.835783     5.105187      66.0334  127.59675    0.04529   12
   2    5   18   0.858498     4.535127     1.725068      4.85214  127.60069    0.00024   12
   5    2   18   0.858498   142.067176    11.889953      142.564  127.60069    0.21114   12
   8    8    0   0.857619   422.769222    93.514271      432.988  127.83985    0.97882    6
   8    7    7   0.857441    17.223072     1.510911      17.2892  127.88832    0.00312   12
   0   10   14   0.856910     9.027323    -9.311976      12.9694  128.03391    0.00088    6
   2    0   20   0.856718   239.770515    64.585357      248.317  128.08647    0.32365    6
   4   11    5   0.855893  -132.808035   -27.427983      135.611  128.31403    0.19402   12
  11    3    8   0.855074   276.812962    62.375214      283.754  128.54105    0.85367   12
   3   12    3   0.854865     1.966593    18.211356      18.3172  128.59923    0.00356   12
  12    3    3   0.854865    64.248723    22.674053      68.1323  128.59923    0.04928   12
   7    9    1   0.854352   -73.633472    -5.179423      73.8154  128.74225    0.05803   12
   8    1   16   0.854115   142.832803    36.057933      147.314  128.80860    0.23145   12
  10    4    9   0.852853   155.067493    38.061352       159.67  129.16374    0.27406   12
   4   10    9   0.852853   106.122052    31.064876      110.575  129.16374    0.13143   12
   9    7    2   0.851249   176.046618    29.788114      178.549  129.61995    0.34622   12
  12    2    7   0.850823  -123.814729   -34.229135      128.459  129.74222    0.17970   12
   6    8   10   0.850776   -53.187084    -8.012598      53.7872  129.75567    0.03152   12
   2    9   14   0.850303    59.170452     9.909746      59.9945  129.89166    0.03933   12
   1    2   20   0.850116   113.267207    41.905746      120.771  129.94562    0.15957   12
   3   10   11   0.848839     4.057940     7.520096       8.5451  130.31611    0.00081   12
   8    8    3   0.848305   -29.937998    -2.437487      30.0371  130.47222    0.00999   12
  10    6    1   0.847804     1.991745     0.231608      2.00517  130.61917    0.00004   12
   4    6   16   0.847573    32.092582    16.158857      35.9311  130.68736    0.01437   12
   5    8   12   0.847041   161.391228    65.918547      174.334  130.84433    0.33943   12
   8    5   12   0.847041   374.483403    84.280292       383.85  130.84433    1.64556   12
   4    5   17   0.846404    62.716233    20.210288      65.8922  131.03324    0.04870   12
  14    0    2   0.844772   162.442255     9.657581      162.729  131.52161    0.15023    6
   6   10    2   0.844772    28.791263    -0.267890      28.7925  131.52161    0.00941   12
   2    4   19   0.844451  -210.939451   -41.148787      214.916  131.61841    0.52528   12
   5   10    7   0.844355    32.715507   -10.457947      34.3464  131.64741    0.01343   12
   9    5   10   0.844309    19.739081    10.757424      22.4801  131.66126    0.00575   12
   7    4   15   0.842448    62.340166   -12.515021       63.584  132.22845    0.04665   12
   4    7   15   0.842448  -178.970798   -29.967027      181.462  132.22845    0.37995   12
   0   13    8   0.842094   347.349958    80.519584      356.561  132.33744    0.73541    6
   7    8    8   0.842094   154.855595    28.375482      157.434  132.33744    0.28674   12
   2   13    1   0.841405   128.892759    23.928176      131.095  132.55040    0.19984   12
   7    3   16   0.841178   195.267915    41.093877      199.545  132.62066    0.46380   12
   1   13    6   0.840383   197.803164    26.837958      199.616  132.86842    0.46693   12
  13    1    6   0.840383    65.061203    13.265528      66.3998  132.86842    0.05166   12
   7    9    4   0.839167    42.963469    17.535948      46.4044  133.25050    0.02547   12
   4    4   18   0.839019    77.835536    20.039598      80.3739  133.29742    0.07650   12
  13    2    2   0.838440   121.457068    17.985605      122.782  133.48090    0.17932   12
  11    5    0   0.838198   244.247982    69.185967      253.858  133.55790    0.76802   12
   5    1   19   0.838127     3.383823   -12.576946      13.0242  133.58079    0.00202   12
   7    5   14   0.837536   120.140592    28.521469       123.48  133.76947    0.18266   12
   3    1   20   0.837358   108.086332    30.707022      112.364  133.82680    0.15147   12
   2   12    8   0.835822    84.561433    17.617106      86.3771  134.32327    0.09063   12
   7    2   17   0.833809   199.237624    43.264147      203.881  134.98465    0.51342   12
   0   14    4   0.832960   176.027434    48.254926      182.522  135.26744    0.20723    6
  10    6    4   0.832960   192.605477    47.451235      198.365  135.26744    0.48954   12
   2   10   13   0.832828   227.832879    43.156535      231.884  135.31155    0.66972   12
  11    4    7   0.831850   175.153035    31.683500      177.996  135.64036    0.39797   12
   1   12   10   0.831807   132.355456    31.180903      135.979  135.65516    0.23235   12
   4    8   14   0.831365    78.970532    26.154990      83.1891  135.80478    0.08730   12
   0    4   20   0.831190   159.771087    36.040092      163.785  135.86417    0.16946    6
   9    7    5   0.830436   -58.420500    -5.521525      58.6808  136.12157    0.04380   12
   8    6   11   0.829996    15.955112     0.931312      15.9823  136.27246    0.00326   12
  10    5    8   0.829688    86.355406    28.550254      90.9526  136.37876    0.10593   12
   5   11    3   0.829497   -87.359321    -8.618764      87.7834  136.44473    0.09885   12
  11    5    3   0.829497   -58.267334    -4.751248      58.4607  136.44473    0.04384   12
   3   12    6   0.828051    75.237531    22.842024      78.6285  136.94826    0.08037   12
  12    3    6   0.828051   152.697323    32.880169      156.197  136.94826    0.31715   12
   2   13    4   0.826888   111.576815    29.847102        115.5  137.35877    0.17532   12
   7    6   13   0.826759    51.640982    -3.612905      51.7672  137.40461    0.03526   12
   4    3   19   0.825893    50.862041    18.702687      54.1917  137.71415    0.03897   12
   2    3   20   0.825157   215.953360    63.318138      225.045  137.97915    0.67685   12
   6   10    5   0.824419    42.689884     1.677433      42.7228  138.24699    0.02457   12
   5    9   11   0.823989   -67.304940   -18.510618       69.804  138.40407    0.06588   12
   4   12    1   0.823042    44.355737     4.199128      44.5541  138.75256    0.02710   12
   8    8    6   0.822086  -142.994891   -38.193801      148.008  139.10825    0.30202   12
   1    8   17   0.821761    40.458022     0.959997      40.4694  139.23007    0.02266   12
   6    9    9   0.821702  -113.962425   -37.644252      120.019  139.25220    0.19939   12
   9    6    9   0.821702   -58.067512   -31.949446      66.2767  139.25220    0.06080   12
   1    7   18   0.820809   126.114508    18.864046      127.518  139.58922    0.22723   12
   7    1   18   0.820809    12.966067     6.933373      14.7034  139.58922    0.00302   12
  12    4    2   0.820267    81.307664    28.210609      86.0626  139.79534    0.10411   12
   3   11   10   0.819843    -1.306624    -9.383408      9.47394  139.95741    0.00127   12
   1    1   21   0.818647  -148.365267   -37.650043      153.068  140.41933    0.33524   12
  13    2    5   0.818531   129.414620    22.406881       131.34  140.46471    0.24714   12
   4   11    8   0.817815    20.933957     8.803677      22.7098  140.74493    0.00745   12
  14    1    1   0.817183  -134.351828   -38.731599      139.823  140.99395    0.28442   12
   1    9   16   0.816976   143.396542    20.939669      144.917  141.07621    0.30625   12
   6    5   16   0.816976   178.233442    53.825451      186.184  141.07621    0.50550   12
  12    0   12   0.816499    51.293696    13.061777      52.9306  141.26583    0.02054    6
   0   12   12   0.816499   142.153404    28.195053      144.923  141.26583    0.15399    6
   6    4   17   0.815929   -15.429304   -24.039007      28.5646  141.49447    0.01205   12
  11    1   13   0.815009   -51.409233   -19.755998      55.0746  141.86631    0.04527   12
   4    9   13   0.815009   -29.793029   -16.081226       33.856  141.86631    0.01711   12
   1   14    2   0.814467    51.351767    29.215112      59.0807  142.08785    0.05244   12
   1    6   19   0.814179    48.122047    29.166925      56.2711  142.20587    0.04774   12
  11    0   14   0.813638  -101.725729   -28.589798      105.667  142.42911    0.08474    6
   5    0   20   0.813474   406.455776    88.998106      416.085  142.49703    1.31663    6
   6    6   15   0.812384    95.648776    30.366372      100.353  142.95282    0.15531   12
  12    1   11   0.812355   119.139796    24.785219      121.691  142.96481    0.22845   12
  11    2   12   0.810778   145.554864    50.102276      153.937  143.63611    0.37318   12
   2   11   12   0.810778   257.866960    57.288267      264.154  143.63611    1.09887   12
   7    7   12   0.810778    61.215673    10.879705       62.175  143.63611    0.06088   12
   3    7   17   0.810220     9.692943   -11.332662      14.9125  143.87749    0.00353   12
   4   12    4   0.809440    87.607927    13.441705      88.6331  144.21732    0.12598   12
   3    6   18   0.809307   -44.388119    -2.906091      44.4831  144.27578    0.03179   12
   6    3   18   0.809307   123.798515    14.329024      124.625  144.27578    0.24952   12
   7    9    7   0.808422    42.186772     1.544996      42.2151  144.66717    0.02899   12
  13    0   10   0.808382   -86.140733   -26.271611      90.0579  144.68506    0.06600    6
   8    7   10   0.808382    81.963457    15.537451      83.4231  144.68506    0.11326   12
  10    2   14   0.807976    41.189622    19.789816      45.6971  144.86614    0.03418   12
   4    2   20   0.807816   145.632958    30.272391      148.746  144.93811    0.36300   12
  10    1   15   0.806748  -137.608871   -24.689411      139.806  145.42156    0.32569   12
   1   10   15   0.806748    57.940907    -1.752771      57.9674  145.42156    0.05599   12
  13    3    1   0.805831   -96.679816    -8.869735      97.0858  145.84278    0.15923   12
   9    8    1   0.805831    28.860932     1.217690      28.8866  145.84278    0.01410   12
   3    8   16   0.805632   196.513485    65.665084      207.194  145.93502    0.72739   12
   5   11    6   0.804934   -44.266309   -21.668287      49.2851  146.26123    0.04160   12
  11    5    6   0.804934     9.420478   -17.013647      19.4476  146.26123    0.00648   12
  14    1    4   0.803865   140.333355    15.503215      141.187  146.76722    0.34719   12
  10    3   13   0.803747    -6.095176    -2.691415      6.66295  146.82389    0.00077   12
   8    9    2   0.803226   133.599834    23.188140      135.597  147.07411    0.32356   12
   3   13    2   0.803226    19.707223   -15.927137      25.3387  147.07411    0.01130   12
  10    7    0   0.803013   112.723213    13.108474      113.483  147.17697    0.22741   12
   3    5   19   0.802950   -31.199881    -0.736984      31.2086  147.20758    0.01722   12
  10    6    7   0.802868    33.126632     0.969676      33.1408  147.24763    0.01944   12
  12    2   10   0.802828   111.067166    28.404140      114.642  147.26675    0.23279   12
   6    7   14   0.802431    69.297133    11.094073      70.1796  147.46041    0.08781   12
   1    5   20   0.802274   262.406948    49.438884      267.024  147.53743    1.27460   12
   2    2   21   0.801705   -15.449839    18.471694      24.0811  147.81784    0.01047   12
  12    4    5   0.801596   102.513486     9.312344      102.936  147.87214    0.19160   12
  11    3   11   0.801201    21.408647     6.496479      22.3726  148.06907    0.00911   12
  10    0   16   0.800135   149.996713    45.634983      156.785  148.60686    0.22800    6
   1   13    9   0.799097    35.040852     9.835548       36.395  149.14088    0.02504   12
  13    1    9   0.799097    18.567360    13.009856      22.6716  149.14088    0.00972   12
   6    2   19   0.797507    48.193840     6.470684      48.6263  149.97974    0.04607   12
   2   13    7   0.797427   -73.779830   -19.051630      76.1999  150.02309    0.11332   12
   5   10   10   0.797388     1.119485     4.690640      4.82238  150.04381    0.00045   12
   1   14    5   0.796180  -138.420322   -37.578848      143.431  150.70052    0.41166   12
   3    9   15   0.795820   110.980252    25.028064      113.767  150.89979    0.26093   12
   9    3   15   0.795820    12.929172    15.588171      20.2523  150.89979    0.00827   12
   9    7    8   0.795521    90.172756    21.205441      92.6326  151.06601    0.17407   12
   7   10    3   0.795353   -64.895598   -31.110685      71.9674  151.16017    0.10544   12
  10    7    3   0.795353  -113.366058   -35.564723      118.814  151.16017    0.28740   12
   6   11    1   0.794940   -62.366229   -17.895614       64.883  151.39253    0.08646   12
   9    2   16   0.794749   122.785091    33.012609      127.146  151.50076    0.33340   12
  10    4   12   0.794310    93.472259    19.402571      95.4648  151.75093    0.18977   12
   4   10   12   0.794310    54.633778    12.384701      56.0199  151.75093    0.06535   12
   9    8    4   0.793052     3.051837    13.584218      13.9228  152.48270    0.00415   12
  13    3    4   0.793052   160.264265    57.370746      170.223  152.48270    0.62078   12
  11    6    2   0.792438    33.421762    10.692979      35.0907  152.84748    0.02676   12
  15    0    0   0.792234    55.305167    20.325290      58.9218  152.97008    0.03792    6
   1   11   14   0.791675   116.618916    27.782255      119.883  153.30882    0.31822   12
   9    4   14   0.791675   147.303461    28.595664      150.053  153.30882    0.49855   12
   3    4   20   0.791524    99.137598    28.540338      103.164  153.40110    0.23653   12
   7    8   11   0.790493   -31.371966    -4.614085      31.7095  154.04091    0.02294   12
   6   10    8   0.790227   163.546590    42.420714      168.959  154.20911    0.65588   12
  14    0    8   0.790227    16.021573    29.554807      33.6181  154.20911    0.01298    6
   9    1   17   0.788525   -93.505410   -32.007211      98.8318  155.31251    0.23519   12
   5    6   17   0.788525    33.495276     9.434854      34.7987  155.31251    0.02916   12
   3   12    9   0.788473    24.474251   -13.236458      27.8243  155.34713    0.01867   12
  12    3    9   0.788473  -103.433701   -22.922661      105.943  155.34713    0.27066   12
   6    8   13   0.787695    -7.265545    -3.722203      8.16351  155.87044    0.00164   12
   5    5   18   0.787684     4.748362   -10.807159      11.8043  155.87807    0.00344   12
  14    2    0   0.787005   198.122909    44.511074      203.061  156.34522    1.03914   12
  11    4   10   0.786831    85.551248    23.029008      88.5966  156.46667    0.19890   12
   1    4   21   0.785773  -115.030070   -23.905898      117.488  157.21874    0.36205   12
   4    1   21   0.785773   -32.683586   -15.645771      36.2354  157.21874    0.03444   12
   3   13    5   0.785670   -90.818771    -9.789623      91.3449  157.29349    0.21961   12
   8    9    5   0.785670    36.185779     2.596581      36.2788  157.29349    0.03464   12
   1    0   22   0.785339    73.811173     8.880107      74.3434  157.53593    0.07357    6
   2   12   11   0.785298   -52.855180   -26.366339      59.0665  157.56560    0.09301   12
  13    2    8   0.785037    97.564268    27.767336      101.439  157.75873    0.27683   12
  12    5    1   0.784478    28.305399    16.823693      32.9277  158.17768    0.02976   12
   5    7   16   0.784295   109.432498    25.388478      112.339  158.31726    0.34877   12
   8    8    9   0.783317    11.585018     1.000247      11.6281  159.07710    0.00388   12
   6   11    4   0.782664   144.268962    30.430000      147.443  159.60163    0.64066   12
   9    5   13   0.782555    12.404810     8.708859      15.1566  159.69087    0.00680   12
   5   12    2   0.782074   160.697375    31.051558       163.67  160.08775    0.80964   12
   5    4   19   0.781820   -64.269216   -19.960150      67.2974  160.30149    0.13844   12
   4   12    7   0.781743    33.663219     2.604820      33.7638  160.36590    0.03497   12
   3   10   14   0.781340    16.834047    -7.793679      18.5506  160.71042    0.01075   12
   6    1   20   0.781195   141.098103    26.060270      143.485  160.83609    0.64767   12
   0    2   22   0.780244   -36.137086   -14.562389      38.9609  161.68251    0.02503    6
  10    5   11   0.780204   -90.316637   -18.732299      92.2388  161.71860    0.28113   12
   2   14    3   0.779789   -16.534991    -3.795568       16.965  162.10149    0.00972   12
  14    2    3   0.779789    14.649812     0.720209      14.6675  162.10149    0.00727   12
   8    4   16   0.779220    80.250901    22.405230      83.3199  162.64102    0.24206   12
   8    3   17   0.778312    27.659749     3.454201      27.8746  163.54043    0.02863   12
   0    9   18   0.777503   122.460498    14.530681       123.32  164.38633    0.29580    6
   9    0   18   0.777503   -42.587483     5.910267      42.9956  164.38633    0.03596    6
  14    1    7   0.776718    92.561432    32.300450      98.0354  165.25494    0.39654   12
   3    3   21   0.775665     3.956936    -3.717596      5.42935  166.50992    0.00133   12
  11    6    5   0.775566   -66.259892   -17.056543        68.42  166.63437    0.21359   12
   2    1   22   0.775247    55.497445     3.122161      55.5852  167.04332    0.14552   12
   5    8   15   0.775233   -52.597973    -6.821850      53.0385  167.06164    0.13268   12
   8    5   15   0.775233    29.879251     3.432883      30.0758  167.06164    0.04266   12
   7   10    6   0.773622    88.582045    30.146780      93.5714  169.37036    0.50435   12
  10    7    6   0.773622   103.155951    30.203043      107.487  169.37036    0.66551   12
  12    5    4   0.772674    42.470264    10.890230      43.8443  171.00883    0.13117   12
   1   12   13   0.772568    -2.144580   -14.551791       14.709  171.20965    0.01510   12
   2    8   18   0.772558    17.850920    -3.236026      18.1419  171.23010    0.02303   12
   8    2   18   0.772558     0.622106    -7.073191       7.1005  171.23010    0.00353   12
  13    4    0   0.771917   122.193916    17.449646      123.434  172.57299    1.26064   12
   2    7   19   0.771861   -48.004987   -27.131773      55.1417  172.70244    0.25608   12
   0    7   20   0.771260   159.966105    38.908035       164.63  174.27024    1.45547    6
   5    3   20   0.771260   186.171494    63.965995      196.854  174.27024    4.16201   12
   4   11   11   0.770306    45.541248    16.233955      48.3482  179.41483    2.46335   12
  12    4    8   0.770060   131.527357    18.972680      132.889   -1.#IND0   -1.#IND0   12
   6    9   12   0.768962    -3.559737     6.412248      7.33407   -1.#IND0   -1.#IND0   12
   9    6   12   0.768962   133.510636    16.532324       134.53   -1.#IND0   -1.#IND0   12
   2    9   17   0.768485    60.359824    17.376793      62.8113   -1.#IND0   -1.#IND0   12
   5   11    9   0.768437    59.310322     7.592952      59.7944   -1.#IND0   -1.#IND0   12
  11    5    9   0.768437    -1.617693    -1.407927      2.14457   -1.#IND0   -1.#IND0   12
  13    3    7   0.766951    41.568422     3.075641      41.6821   -1.#IND0   -1.#IND0   12
   9    8    7   0.766951    -4.804982     1.284784      4.97378   -1.#IND0   -1.#IND0   12
   7    9   10   0.766916   136.103912    25.027772      138.386   -1.#IND0   -1.#IND0   12
   8    6   14   0.766570   115.579985     5.457139      115.709   -1.#IND0   -1.#IND0   12
   2    6   20   0.766433   165.418148    48.042916      172.254   -1.#IND0   -1.#IND0   12
   5   12    5   0.765842    25.483463    16.301391      30.2513   -1.#IND0   -1.#IND0   12
   1    3   22   0.765534    42.261532    12.358462      44.0315   -1.#IND0   -1.#IND0   12
   1   14    8   0.765255   111.045535    12.908971      111.793   -1.#IND0   -1.#IND0   12
   4   13    3   0.765105   -83.250073   -19.966234      85.6109   -1.#IND0   -1.#IND0   12
  13    4    3   0.765105   -50.268066   -17.642261      53.2741   -1.#IND0   -1.#IND0   12
   1   15    1   0.764737    -4.565070    -1.284071      4.74223   -1.#IND0   -1.#IND0   12
   0   11   16   0.764567   170.602235    59.048678      180.532   -1.#IND0   -1.#IND0    6
   0   15    6   0.763970   154.740139    22.257075      156.333   -1.#IND0   -1.#IND0    6
  15    0    6   0.763970    82.466257    19.163245      84.6635   -1.#IND0   -1.#IND0    6
   3   11   13   0.762955   -15.753448    -7.372930      17.3934   -1.#IND0   -1.#IND0   12
  15    1    2   0.762510    89.731874    20.822793      92.1162   -1.#IND0   -1.#IND0   12
   9    9    0   0.762328   112.972390    12.376473      113.648   -1.#IND0   -1.#IND0    6
   8    1   19   0.762274    16.638827     0.415867       16.644   -1.#IND0   -1.#IND0   12
  10    6   10   0.762169    39.736858     1.946301      39.7845   -1.#IND0   -1.#IND0   12
   0   14   10   0.762169   -46.839300    -8.631762       47.628   -1.#IND0   -1.#IND0    6
   5    9   14   0.761830    70.700983     9.995170       71.404   -1.#IND0   -1.#IND0   12
   4    0   22   0.760813   131.172733    21.403997      132.908   -1.#IND0   -1.#IND0    6
   8   10    1   0.760031   -13.537861    -0.182613      13.5391   -1.#IND0   -1.#IND0   12
   2   10   16   0.759864    31.651013    15.356330      35.1796   -1.#IND0   -1.#IND0   12
   2   14    6   0.759278    18.123229     1.231901       18.165   -1.#IND0   -1.#IND0   12
  14    2    6   0.759278    -2.709182    -1.367667      3.03483   -1.#IND0   -1.#IND0   12
   7    5   17   0.759021    27.450234    15.276049      31.4145   -1.#IND0   -1.#IND0   12
   4    7   18   0.758271   102.432791    23.520789      105.099   -1.#IND0   -1.#IND0   12
   7    4   18   0.758271   132.704717    24.466894      134.941   -1.#IND0   -1.#IND0   12
  10    8    2   0.757844    18.465573    -0.148719      18.4662   -1.#IND0   -1.#IND0   12
   4    6   19   0.757612   147.840142    29.233584      150.703   -1.#IND0   -1.#IND0   12
   6   11    7   0.757543    37.222101    14.916009      40.0995   -1.#IND0   -1.#IND0   12
   2   13   10   0.757510    75.186552    13.825289      76.4471   -1.#IND0   -1.#IND0   12
   2    5   21   0.756566    32.065390    12.521788      34.4236   -1.#IND0   -1.#IND0   12
   5    2   21   0.756566   115.497257    18.518216      116.972   -1.#IND0   -1.#IND0   12
   3    2   22   0.756178    -4.303115   -13.470996      14.1416   -1.#IND0   -1.#IND0   12
   3   13    8   0.755909   192.843467    56.474049      200.943   -1.#IND0   -1.#IND0   12
   8    9    8   0.755909   136.345011    27.945558      139.179   -1.#IND0   -1.#IND0   12
   9    9    3   0.755764    99.851460    31.140730      104.595   -1.#IND0   -1.#IND0   12
   3   14    1   0.755410   -50.497626   -15.095295      52.7056   -1.#IND0   -1.#IND0   12
  11    7    1   0.755410    46.187888    -4.091530      46.3688   -1.#IND0   -1.#IND0   12
   7    6   16   0.755246   118.647846    29.342559      122.222   -1.#IND0   -1.#IND0   12
   4    8   17   0.754419   -22.434885    -2.201346      22.5426   -1.#IND0   -1.#IND0   12
   1   15    4   0.753790    96.621966    19.576399      98.5852   -1.#IND0   -1.#IND0   12
   8    7   13   0.753692   -23.079522    -2.685139      23.2352   -1.#IND0   -1.#IND0   12
  14    3    2   0.753263    82.350522    15.116629      83.7265   -1.#IND0   -1.#IND0   12
   7   11    2   0.753263   100.319125    17.855248      101.896   -1.#IND0   -1.#IND0   12
   7    3   19   0.753035    -7.193278     6.138877      9.45669   -1.#IND0   -1.#IND0   12
  12    1   14   0.752607   115.063078    25.006768      117.749   -1.#IND0   -1.#IND0   12
   4    5   20   0.752477    72.304818    19.360098      74.8519   -1.#IND0   -1.#IND0   12
   9    7   11   0.751591    18.902439     3.296786      19.1878   -1.#IND0   -1.#IND0   12
   1   13   12   0.750342    23.437434    16.980278      28.9421   -1.#IND0   -1.#IND0   12
  13    1   12   0.750342   175.615192    34.817986      179.033   -1.#IND0   -1.#IND0   12
   8   10    4   0.749281   127.662633    38.012472      133.202   -1.#IND0   -1.#IND0   12
  12    2   13   0.749185    80.470704    24.276619      84.0529   -1.#IND0   -1.#IND0   12
  12    6    0   0.748591    33.887580     9.519136      35.1992   -1.#IND0   -1.#IND0   12
  12    5    7   0.748473   -41.929537   -15.926143      44.8523   -1.#IND0   -1.#IND0   12
   8    0   20   0.747992   190.803661    65.763543      201.819   -1.#IND0   -1.#IND0    6
  15    1    5   0.747442   -12.099208    -0.834419      12.1279   -1.#IND0   -1.#IND0   12
   0    5   22   0.747156   -28.069251   -22.932241       36.246   -1.#IND0   -1.#IND0    6
   2   11   15   0.747144    53.559969     4.373038      53.7382   -1.#IND0   -1.#IND0   12
  11    2   15   0.747144   -52.922892     0.770373      52.9285   -1.#IND0   -1.#IND0   12
   7    7   15   0.747144   -94.796452   -29.719283      99.3459   -1.#IND0   -1.#IND0   12
   6   10   11   0.747122   -45.449729    -1.177817       45.465   -1.#IND0   -1.#IND0   12
  11    6    8   0.746897   142.208722    30.264607      145.393   -1.#IND0   -1.#IND0   12
  11    1   16   0.746258   106.838522    21.587198      108.998   -1.#IND0   -1.#IND0   12
   4    9   16   0.746258   113.676658    19.244195      115.294   -1.#IND0   -1.#IND0   12
   4   13    6   0.745702    58.460299    23.750675      63.1007   -1.#IND0   -1.#IND0   12
  13    4    6   0.745702    82.919097    23.456859      86.1731   -1.#IND0   -1.#IND0   12
   3   14    4   0.744852    54.634140    21.984821      58.8916   -1.#IND0   -1.#IND0   12
  11    7    4   0.744852    95.330052    24.952926      98.5417   -1.#IND0   -1.#IND0   12
   5   10   13   0.744758   -18.791556     7.891765      20.3814   -1.#IND0   -1.#IND0   12
   4   12   10   0.744027   138.885708    31.128600      142.331   -1.#IND0   -1.#IND0   12
  11    3   14   0.743711     7.646988    -5.116829        9.201   -1.#IND0   -1.#IND0   12
   7    2   20   0.743586    43.632333    14.049368      45.8385   -1.#IND0   -1.#IND0   12
   4    4   21   0.743133    48.946348     4.726456       49.174   -1.#IND0   -1.#IND0   12
  10    8    5   0.743046   -39.010627    -1.852516      39.0546   -1.#IND0   -1.#IND0   12
   2    4   22   0.742765    95.319427    16.267912      96.6977   -1.#IND0   -1.#IND0   12
  13    2   11   0.742731   -77.270359   -15.287173      78.7681   -1.#IND0   -1.#IND0   12
   1    2   23   0.742482   -96.509334   -16.090985      97.8416   -1.#IND0   -1.#IND0   12
   6   12    3   0.742373   142.042246    31.107837      145.409   -1.#IND0   -1.#IND0   12
  12    6    3   0.742373   134.594086    29.574901      137.805   -1.#IND0   -1.#IND0   12
   3   12   12   0.741525   128.076659    24.025627      130.311   -1.#IND0   -1.#IND0   12
  12    3   12   0.741525    39.914608    10.556137      41.2869   -1.#IND0   -1.#IND0   12
   7   10    9   0.741054    22.178247    22.842553       31.838   -1.#IND0   -1.#IND0   12
  10    7    9   0.741054   120.348930    32.569562      124.678   -1.#IND0   -1.#IND0   12
   0   16    2   0.740002    -2.255947   -18.639554      18.7756   -1.#IND0   -1.#IND0    6
  14    1   10   0.739691    98.406805    28.166071      102.358   -1.#IND0   -1.#IND0   12
  14    3    5   0.738726   -40.968973   -13.316887       43.079   -1.#IND0   -1.#IND0   12
   7   11    5   0.738726    15.038957    -5.047502      15.8634   -1.#IND0   -1.#IND0   12
   5    1   22   0.738450    27.182670     1.665979      27.2337   -1.#IND0   -1.#IND0   12
   5   12    8   0.738200    44.465525    14.060766      46.6357   -1.#IND0   -1.#IND0   12
  15    2    1   0.737735   136.053428    33.963294      140.229   -1.#IND0   -1.#IND0   12
   5   13    1   0.737735    44.343878     9.089202      45.2658   -1.#IND0   -1.#IND0   12
  10    3   16   0.737582   178.117707    46.425733      184.069   -1.#IND0   -1.#IND0   12
   8    8   12   0.737232   230.351887    63.824607       239.03   -1.#IND0   -1.#IND0   12
   9    9    6   0.737046    78.998881    27.882818      83.7751   -1.#IND0   -1.#IND0   12
  10    2   17   0.736812    -1.789018    15.870082      15.9706   -1.#IND0   -1.#IND0   12
  11    4   13   0.736134   -95.055343   -21.717932      97.5048   -1.#IND0   -1.#IND0   12
   6    6   18   0.736125   106.255668    21.923982      108.494   -1.#IND0   -1.#IND0   12
   2   15    2   0.735735   148.384204    33.156038      152.043   -1.#IND0   -1.#IND0   12
  13    5    2   0.735735    25.910412    -2.693605        26.05   -1.#IND0   -1.#IND0   12
   1    9   19   0.735523    55.569131    24.508705      60.7339   -1.#IND0   -1.#IND0   12
   6    5   19   0.735523   -42.620720    -4.692109      42.8782   -1.#IND0   -1.#IND0   12
   0   13   14   0.735124   -30.434612   -18.063920      35.3917   -1.#IND0   -1.#IND0    6
   7    8   14   0.735124    80.631295    19.057162      82.8528   -1.#IND0   -1.#IND0   12
   1    8   20   0.735003    43.427699    20.627892      48.0778   -1.#IND0   -1.#IND0   12
  10    4   15   0.734198   -87.440680   -25.993521      91.2225   -1.#IND0   -1.#IND0   12
   4   10   15   0.734198   -52.886997   -19.391787      56.3301   -1.#IND0   -1.#IND0   12
   3    1   23   0.733936   -20.408374     8.922341      22.2735   -1.#IND0   -1.#IND0   12
   6    7   17   0.732599   -94.688160   -19.400242      96.6551   -1.#IND0   -1.#IND0   12
  16    0    4   0.732023   192.653416    58.301202      201.282   -1.#IND0   -1.#IND0    6
   1   10   18   0.731925    49.058569    11.118753      50.3028   -1.#IND0   -1.#IND0   12
  10    1   18   0.731925    84.085426    10.821904       84.779   -1.#IND0   -1.#IND0   12
   1   15    7   0.731270    -1.122839     1.741368      2.07199   -1.#IND0   -1.#IND0   12
  13    3   10   0.731240    31.159292   -10.077700      32.7485   -1.#IND0   -1.#IND0   12
   9    8   10   0.731240   173.914900    28.666072      176.262   -1.#IND0   -1.#IND0   12
   2   12   14   0.730940    95.515854    22.214211       98.065   -1.#IND0   -1.#IND0   12
   6    4   20   0.730821   106.076363    24.748180      108.925   -1.#IND0   -1.#IND0   12
   1    7   21   0.730391   -25.867952    -4.168163      26.2016   -1.#IND0   -1.#IND0   12
   7    1   21   0.730391     2.334732     1.745765      2.91525   -1.#IND0   -1.#IND0   12
   4    3   22   0.730042    47.403045    14.427804      49.5501   -1.#IND0   -1.#IND0   12
  12    4   11   0.730009   -86.760888    -8.576049      87.1837   -1.#IND0   -1.#IND0   12
   2   14    9   0.728417    32.815689     6.524611       33.458   -1.#IND0   -1.#IND0   12
  14    2    9   0.728417   -29.302737    -3.677540      29.5326   -1.#IND0   -1.#IND0   12
  15    2    4   0.727892     3.903904     3.290046      5.10538   -1.#IND0   -1.#IND0   12
   5   13    4   0.727892   138.252829    40.457103      144.051   -1.#IND0   -1.#IND0   12
   3    8   19   0.727212    38.091614     5.631794      38.5057   -1.#IND0   -1.#IND0   12
   8   10    7   0.727151   -21.429646    -2.280247      21.5506   -1.#IND0   -1.#IND0   12
  10    5   14   0.726827   104.711158    16.391336      105.986   -1.#IND0   -1.#IND0   12
   3    7   20   0.726710   148.392575    37.250796      152.997   -1.#IND0   -1.#IND0   12
   1   14   11   0.725912    99.783587    29.141436      103.952   -1.#IND0   -1.#IND0   12
   2    3   23   0.725679   -17.998555    -0.091373      17.9988   -1.#IND0   -1.#IND0   12
  14    4    1   0.725264   -44.849157   -20.075088      49.1371   -1.#IND0   -1.#IND0   12
   6    8   16   0.725119   215.851485    44.750694      220.442   -1.#IND0   -1.#IND0   12
   5   11   12   0.724786   206.972413    54.975143      214.149   -1.#IND0   -1.#IND0   12
  11    5   12   0.724786   145.068927    49.018442      153.127   -1.#IND0   -1.#IND0   12
  12    6    6   0.724609   135.139203    29.365886      138.293   -1.#IND0   -1.#IND0   12
   6   12    6   0.724609   107.733246    25.388084      110.684   -1.#IND0   -1.#IND0   12
   9    4   17   0.724387   -72.152664   -18.705124      74.5378   -1.#IND0   -1.#IND0   12
   1   11   17   0.724387   -78.946636   -19.717133      81.3716   -1.#IND0   -1.#IND0   12
   3    9   18   0.723734    74.208828    15.964133      75.9065   -1.#IND0   -1.#IND0   12
   9    3   18   0.723734   123.256348    25.774643      125.922   -1.#IND0   -1.#IND0   12
   4   14    2   0.723363    90.040878    25.739362      93.6476   -1.#IND0   -1.#IND0   12
   3   14    7   0.723101    50.592866    14.402582       52.603   -1.#IND0   -1.#IND0   12
  11    7    7   0.723101   -35.505539     5.111178      35.8715   -1.#IND0   -1.#IND0   12
   6   11   10   0.723072    63.516030    13.354162      64.9047   -1.#IND0   -1.#IND0   12
   3    6   21   0.722252   -23.129761   -10.280270      25.3115   -1.#IND0   -1.#IND0   12
   6    3   21   0.722252   -74.552437   -15.056444      76.0576   -1.#IND0   -1.#IND0   12
  13    5    5   0.722172    23.672851     6.488057      24.5458   -1.#IND0   -1.#IND0   12
   2   15    5   0.722172   126.036591    32.355149      130.123   -1.#IND0   -1.#IND0   12
   1    6   22   0.721914    92.604277    20.935130      94.9412   -1.#IND0   -1.#IND0   12
  15    1    8   0.721680    80.059095    19.173038      82.3229   -1.#IND0   -1.#IND0   12
   0    0   24   0.721471   115.007739    58.610879      129.081   -1.#IND0   -1.#IND0    2
  10    9    1   0.721246    33.397557    11.191931      35.2229   -1.#IND0   -1.#IND0   12
   9    5   16   0.721103    86.015731    23.491420      89.1659   -1.#IND0   -1.#IND0   12
   7    9   13   0.719750     1.951362     2.653175       3.2935   -1.#IND0   -1.#IND0   12
   9   10    2   0.719376    75.216455    16.219388      76.9453   -1.#IND0   -1.#IND0   12
  16    1    0   0.719223    65.823136    16.042867        67.75   -1.#IND0   -1.#IND0   12
  11    8    0   0.719223   135.003310    46.309817      142.725   -1.#IND0   -1.#IND0   12
   9    2   19   0.719178     2.408198    -5.656447      6.14775   -1.#IND0   -1.#IND0   12
   4   11   14   0.718805   136.000068    29.483654      139.159   -1.#IND0   -1.#IND0   12
   3   13   11   0.717920    37.527579     5.999744      38.0042   -1.#IND0   -1.#IND0   12
   8    9   11   0.717920   -20.629470    -1.947324      20.7212   -1.#IND0   -1.#IND0   12
  10    8    8   0.717720   157.654288    37.316609      162.011   -1.#IND0   -1.#IND0   12
   1    1   24   0.717515    89.355641    23.838052      92.4807   -1.#IND0   -1.#IND0   12
   3   10   17   0.716444   -46.754766    -9.821201      47.7751   -1.#IND0   -1.#IND0   12
  13    4    9   0.716405    13.700326    12.614755      18.6234   -1.#IND0   -1.#IND0   12
   4   13    9   0.716405    76.099561    17.026315       77.981   -1.#IND0   -1.#IND0   12
  14    4    4   0.715905    45.693087    10.116767      46.7996   -1.#IND0   -1.#IND0   12
  10    6   13   0.715822   -30.559634    -0.296574      30.5611   -1.#IND0   -1.#IND0   12
  12    5   10   0.715173    96.267832    25.446389      99.5742   -1.#IND0   -1.#IND0   12
   7    0   22   0.714052    86.897102    14.367605      88.0769   -1.#IND0   -1.#IND0    6
   3    5   22   0.714052    21.265543   -14.060528      25.4936   -1.#IND0   -1.#IND0   12
   6    9   15   0.714041    96.175734    28.487346      100.306   -1.#IND0   -1.#IND0   12
   9    6   15   0.714041    51.203497    23.038391      56.1477   -1.#IND0   -1.#IND0   12
  14    3    8   0.713825   117.092559    25.197093      119.773   -1.#IND0   -1.#IND0   12
   7   11    8   0.713825    60.440318    18.489184      63.2051   -1.#IND0   -1.#IND0   12
   4    2   23   0.713800   -51.558982   -18.509283      54.7807   -1.#IND0   -1.#IND0   12
   1   16    3   0.713703    42.077204     5.863937      42.4838   -1.#IND0   -1.#IND0   12
  16    1    3   0.713703    12.107540     1.988818      12.2698   -1.#IND0   -1.#IND0   12
   8   11    3   0.713703    42.449268     4.747259      42.7139   -1.#IND0   -1.#IND0   12
  11    8    3   0.713703    28.199113     3.845919      28.4602   -1.#IND0   -1.#IND0   12
   7   12    1   0.713405    84.370185    19.603626      86.6177   -1.#IND0   -1.#IND0   12
   1   12   16   0.713267    70.739504    14.792641      72.2696   -1.#IND0   -1.#IND0   12
  10    9    4   0.712040    90.914268    21.824430      93.4971   -1.#IND0   -1.#IND0   12
   2   13   13   0.711957    18.718321    11.707126      22.0779   -1.#IND0   -1.#IND0   12
  12    7    2   0.711595    86.778858    25.178835      90.3579   -1.#IND0   -1.#IND0   12
  15    3    0   0.711447   127.606729    26.875234      130.406   -1.#IND0   -1.#IND0   12
   5    7   19   0.711403   -10.778384   -11.766480      15.9569   -1.#IND0   -1.#IND0   12
   9    1   20   0.710933    74.968359    16.813190      76.8306   -1.#IND0   -1.#IND0   12
   5    6   20   0.710933   202.370982    50.213726      208.508   -1.#IND0   -1.#IND0   12
   4   14    5   0.710461   -31.599438   -17.041083      35.9016   -1.#IND0   -1.#IND0   12
   6    2   22   0.710216   -27.480221    -8.577638      28.7878   -1.#IND0   -1.#IND0   12
  11    6   11   0.710186    48.866516    13.009391      50.5686   -1.#IND0   -1.#IND0   12
   1    5   23   0.709968    18.083401    -3.464654      18.4123   -1.#IND0   -1.#IND0   12
   0    3   24   0.709794   217.550190    62.395759      226.321   -1.#IND0   -1.#IND0    6
   3    0   24   0.709794   250.182426    65.241610      258.549   -1.#IND0   -1.#IND0    6
   9    9    9   0.708720   -73.946038   -25.327698      78.1633   -1.#IND0   -1.#IND0   12
   8    5   18   0.708146   -76.270380   -21.165336      79.1527   -1.#IND0   -1.#IND0   12
   5    8   18   0.708146    37.981745    -9.257159      39.0936   -1.#IND0   -1.#IND0   12
   8    4   19   0.707610   -46.317122    -4.380187      46.5238   -1.#IND0   -1.#IND0   12
  15    2    7   0.707553  -101.152347   -28.175264      105.003   -1.#IND0   -1.#IND0   12
   5   13    7   0.707553   -43.493186    -9.035149      44.4217   -1.#IND0   -1.#IND0   12
   5    5   21   0.706757    -7.131056     2.670344      7.61464   -1.#IND0   -1.#IND0   12
   9   10    5   0.706682    32.635250     9.319943        33.94   -1.#IND0   -1.#IND0   12
   3   15    3   0.706103    50.261430    12.988018      51.9124   -1.#IND0   -1.#IND0   12
  15    3    3   0.706103     8.098595     8.056840      11.4237   -1.#IND0   -1.#IND0   12
   2    2   24   0.706026   147.912834    31.639896      151.259   -1.#IND0   -1.#IND0   12
  13    6    1   0.705814    34.725280     5.586416      35.1718   -1.#IND0   -1.#IND0   12
   3   11   16   0.705681   125.477143    39.499946      131.548   -1.#IND0   -1.#IND0   12
   8    6   17   0.705006   -12.679060    -0.478124      12.6881   -1.#IND0   -1.#IND0   12
   7   12    4   0.704492    82.612036    12.467420      83.5475   -1.#IND0   -1.#IND0   12
   6   13    2   0.704062   -17.877251    -4.161245      18.3552   -1.#IND0   -1.#IND0   12
   9    7   14   0.703526    50.460686    15.019108      52.6484   -1.#IND0   -1.#IND0   12
   8    3   20   0.703420   199.432629    55.557774      207.027   -1.#IND0   -1.#IND0   12
   5   12   11   0.702697   -29.936564   -14.189787      33.1293   -1.#IND0   -1.#IND0   12
   0   16    8   0.702509   126.760886    48.605815       135.76   -1.#IND0   -1.#IND0    6
   3    4   23   0.702485   107.302066    20.841649      109.307   -1.#IND0   -1.#IND0   12
   7   10   12   0.701675    64.331655     9.613443       65.046   -1.#IND0   -1.#IND0   12
  10    7   12   0.701675    46.793023     9.735796      47.7951   -1.#IND0   -1.#IND0   12
   5    9   17   0.701313    47.049057    13.383624      48.9156   -1.#IND0   -1.#IND0   12
   4   12   13   0.700729   -58.814092    -5.563248      59.0766   -1.#IND0   -1.#IND0   12
   1   15   10   0.700120    62.458292    17.911234      64.9758   -1.#IND0   -1.#IND0   12
