   h    k    l      d (Å)      F(real)      F(imag)          |F|         2θ          I    M
   1    0    0   4.286000    17.556835     6.603875      18.7578   20.70735    6.63330    6
   1    1    0   3.030660    74.008178     9.162123      74.5732   29.44857  100.00000   12
   1    1    1   2.474523    15.829818     6.603875      17.1521   36.27408    2.24543    8
   2    0    0   2.143000    66.412918     9.162123      67.0419   42.13257   18.46031    6
   2    1    0   1.916757    14.541350     6.603875      15.9707   47.39087    3.21426   24
   2    1    1   1.749752    61.372601     9.162123      62.0527   52.23734   38.88336   24
   2    2    0   1.515330    57.658017     9.162123      58.3814   61.10609   12.07199   12
   2    2    1   1.428667    12.882909     6.603875      14.4769   65.25453    1.28563   24
   3    0    0   1.428667    12.882909     6.603875      14.4769   65.25453    0.32141    6
   3    1    0   1.355352    54.697683     9.162123      55.4597   69.26865   16.64322   24
   3    1    1   1.292278    12.305620     6.603875      13.9657   73.17884    0.94685   24
   2    2    2   1.237262    52.207285     9.162123      53.0051   77.00983    4.14505    8
   3    2    0   1.188722    11.818228     6.603875      13.5382   80.78250    0.75116   24
   3    2    1   1.145482    50.036194     9.162123      50.8681   84.51522   19.94063   48
   4    0    0   1.071500    48.099505     9.162123      48.9643   91.92673    2.13459    6
   3    2    2   1.039508    11.024243     6.603875      12.8509   95.63684    0.57790   24
   4    1    0   1.039508    11.024243     6.603875      12.8509   95.63684    0.57790   24
   4    1    1   1.010220    46.346217     9.162123      47.2432   99.37085    7.78358   24
   3    3    0   1.010220    46.346217     9.162123      47.2432   99.37085    3.89179   12
   3    3    1   0.983276    10.697477     6.603875      12.5717  103.14554    0.55691   24
   4    2    0   0.958379    44.743614     9.162123       45.672  106.97933    7.52701   24
   4    2    1   0.935282    10.410317     6.603875      12.3283  110.89326    1.13814   48
   3    3    2   0.913778    43.269270     9.162123      44.2287  114.91223    7.69993   24
   4    2    2   0.874876    41.906810     9.162123      42.8967  123.39666    8.33668   24
   4    3    0   0.857200     9.939654     6.603875      11.9335  127.95435    0.70800   24
   5    0    0   0.857200     9.939654     6.603875      11.9335  127.95435    0.17700    6
   4    3    1   0.840554    40.643598     9.162123      41.6635  132.81511   19.29667   48
   5    1    0   0.840554    40.643598     9.162123      41.6635  132.81511    9.64833   24
   3    3    3   0.824841     9.749262     6.603875      11.7754  138.09353    0.29429    8
   5    1    1   0.824841     9.749262     6.603875      11.7754  138.09353    0.88288   24
   4    3    2   0.795890     9.584499     6.603875      11.6393  150.86074    2.59049   48
   5    2    0   0.795890     9.584499     6.603875      11.6393  150.86074    1.29524   24
   5    2    1   0.782513    38.375746     9.162123      39.4543  159.72498   43.85304   48
   4    4    0   0.757665    37.355227     9.162123      38.4624   -1.#IND0   -1.#IND0   12
   4    4    1   0.746097     9.319905     6.603875      11.4224   -1.#IND0   -1.#IND0   24
   5    2    2   0.746097     9.319905     6.603875      11.4224   -1.#IND0   -1.#IND0   24
   5    3    0   0.735043    36.401447     9.162123      37.5368   -1.#IND0   -1.#IND0   24
   4    3    3   0.735043    36.401447     9.162123      37.5368   -1.#IND0   -1.#IND0   24
   5    3    1   0.724466     9.214636     6.603875      11.3367   -1.#IND0   -1.#IND0   48
   4    4    2   0.714333    35.508715     9.162123      36.6717   -1.#IND0   -1.#IND0   24
   6    0    0   0.714333    35.508715     9.162123      36.6717   -1.#IND0   -1.#IND0    6
   6    1    0   0.704614     9.124147     6.603875      11.2633   -1.#IND0   -1.#IND0   24
