   h    k    l      d (Å)      F(real)      F(imag)          |F|         2θ          I    M
   1    0    0   4.566700     1.059530     1.078385      1.51179   19.42179    0.02814    6
   1    1    0   3.229145    90.847822    14.687613      92.0275   27.60137  100.00000   12
   1    1    1   2.636585     1.157373     1.078385      1.58191   33.97425    0.01261    8
   2    0    0   2.283350    82.303680    14.687613       83.604   39.43145   19.03456    6
   2    1    0   2.042290     0.975783     1.078385      1.45433   44.31734    0.01774   24
   2    1    1   1.864347    76.474309    14.687613       77.872   48.80852   40.87963   24
   2    2    0   1.614572    72.105565    14.687613      73.5863   56.99105   12.82933   12
   2    2    1   1.522233     0.755426     1.078385      1.31666   60.79956    0.00710   24
   3    0    0   1.522233     0.755426     1.078385      1.31666   60.79956    0.00178    6
   3    1    0   1.444117    68.594240    14.687613      70.1491   64.47134   17.72202   24
   3    1    1   1.376912     0.736911     1.078385      1.30612   68.03384    0.00548   24
   2    2    2   1.318293    65.628832    14.687613      67.2523   71.50904    4.37739    8
   3    2    0   1.266575     0.748437     1.078385      1.31266   74.91502    0.00458   24
   3    2    1   1.220502    63.041242    14.687613      64.7296   78.26721   20.64464   48
   4    0    0   1.141675    60.736276    14.687613       62.487   84.86285    2.14064    6
   3    2    2   1.107587     0.796665     1.078385      1.34074   88.12974    0.00378   24
   4    1    0   1.107587     0.796665     1.078385      1.34074   88.12974    0.00378   24
   4    1    1   1.076382    58.656629    14.687613      60.4676   91.39055    7.47585   24
   3    3    0   1.076382    58.656629    14.687613      60.4676   91.39055    3.73793   12
   3    3    1   1.047673     0.816320     1.078385      1.35251   94.65588    0.00367   24
   4    2    0   1.021145    56.765169    14.687613      58.6345   97.93646    6.85555   24
   4    2    1   0.996536     0.828363     1.078385      1.35982  101.24347    0.00740   48
   3    3    2   0.973624    55.035862    14.687613       56.962  104.58893    6.58834   24
   4    2    2   0.932174    53.449071    14.687613      55.4304  111.45004    6.62127   24
   4    3    0   0.913340     0.827942     1.078385      1.35956  114.99844    0.00417   24
   5    0    0   0.913340     0.827942     1.078385      1.35956  114.99844    0.00104    6
   4    3    1   0.895604    51.989066    14.687613       54.024  118.65257   13.90567   48
   5    1    0   0.895604    51.989066    14.687613       54.024  118.65257    6.95284   24
   3    3    3   0.878862     0.816774     1.078385      1.35279  122.43898    0.00155    8
   5    1    1   0.878862     0.816774     1.078385      1.35279  122.43898    0.00466   24
   4    3    2   0.848015     0.799712     1.078385      1.34256  130.55733    0.01086   48
   5    2    0   0.848015     0.799712     1.078385      1.34256  130.55733    0.00543   24
   5    2    1   0.833762    49.398620    14.687613      51.5359  135.00044   17.83074   48
   4    4    0   0.807286    48.246905    14.687613       50.433  145.17697    5.71158   12
   5    2    2   0.794960     0.752380     1.078385      1.31491  151.38092    0.00964   24
   4    4    1   0.794960     0.752380     1.078385      1.31491  151.38092    0.00964   24
   5    3    0   0.783183    47.178720    14.687613      49.4121  159.18412   19.13478   24
   4    3    3   0.783183    47.178720    14.687613      49.4121  159.18412   19.13478   24
   5    3    1   0.771913     0.724138     1.078385      1.29896  172.58214    0.07595   48
   4    4    2   0.761117    46.186177    14.687613      48.4653   -1.#IND0   -1.#IND0   24
   6    0    0   0.761117    46.186177    14.687613      48.4653   -1.#IND0   -1.#IND0    6
   6    1    0   0.750761     0.694003     1.078385       1.2824   -1.#IND0   -1.#IND0   24
   5    3    2   0.740817    45.262195    14.687613      47.5856   -1.#IND0   -1.#IND0   48
   6    1    1   0.740817    45.262195    14.687613      47.5856   -1.#IND0   -1.#IND0   24
   6    2    0   0.722059    44.400400    14.687613      46.7667   -1.#IND0   -1.#IND0   24
   4    4    3   0.713199     0.630808     1.078385      1.24933   -1.#IND0   -1.#IND0   24
   5    4    0   0.713199     0.630808     1.078385      1.24933   -1.#IND0   -1.#IND0   24
   6    2    1   0.713199     0.630808     1.078385      1.24933   -1.#IND0   -1.#IND0   48
   5    4    1   0.704657    43.595050    14.687613      46.0028   -1.#IND0   -1.#IND0   48
