   h    k    l      d (Å)      F(real)      F(imag)          |F|         2θ          I    M
   0    1    1   6.122848    -2.246512    12.275245      12.4791   14.45471    0.62466    4
   0    0    2   4.740000   140.542866    15.740358      141.422   18.70521   23.66402    2
   1    0    1   4.218078   -15.341989    97.206740        98.41   21.04456   17.96285    4
   0    1    2   4.080589   -26.040872   163.439045      165.501   21.76213   47.38564    4
   0    2    0   4.010000   184.766926    29.077574      187.041   22.15001   29.16911    2
   1    1    1   3.733225   164.714040    25.433009      166.666   23.81537   79.62592    8
   0    2    1   3.693186   -54.951247    -4.446359      55.1308   24.07740    4.25757    4
   1    1    2   3.084114   133.202153     4.110190      133.266   28.92694   33.75443    8
   0    2    2   3.061424   195.619887    18.419373      196.485   29.14606   36.10163    4
   1    2    0   3.053296   -12.607606   192.670995      193.083   29.22536   34.66047    4
   0    1    3   2.940015     5.795158  -125.770020      125.903   30.37805   13.56582    4
   1    2    1   2.906275   -21.970762   243.813452      244.801   30.73936  100.00000    8
   1    0    3   2.624125   -38.965380   378.877889      380.876   34.14052   96.45558    4
   0    3    1   2.572985    -1.738274   -71.634475      71.6556   34.84056    3.26617    4
   1    2    2   2.566850    -5.171970    71.105439      71.2933   34.92650    6.43176    8
   1    1    3   2.494016   -44.493685    -3.571710      44.6368   35.98083    2.36240    8
   0    2    3   2.481971  -155.137649   -11.338141      155.551   36.16146   14.18781    4
   0    0    4   2.370000  -226.747496   -23.207030      227.932   37.93353   13.70917    2
   2    0    0   2.355000   469.058376    43.903991      471.109   38.18446   57.71864    2
   0    3    2   2.328524   -32.301483   292.459408      294.238   38.63577   43.87454    4
   0    1    4   2.272837   -24.195829   141.877802      143.926   39.62146    9.92731    4
   1    3    1   2.258027   234.662035    28.911094      236.436   39.89232   52.77571    8
   2    1    1   2.198022    -2.246512    10.944758      11.1729   41.02967    0.11070    8
   1    2    3   2.195760   -33.631383   259.740801      261.909   41.07383   60.68296    8
   2    0    2   2.109039   119.708852    15.740358      120.739   42.84419    5.86697    4
   1    3    2   2.087367   -69.218618    -8.732384      69.7673   43.31134    3.82361    8
   1    1    4   2.046970   -48.331825    -4.078033      48.5036   44.21068    1.76456    8
   0    3    3   2.040949    -3.397678    74.885372      74.9624   44.34801    2.09272    4
   0    2    4   2.040295  -104.112843   -17.289188      105.539   44.36300    4.14492    4
   2    1    2   2.039691   -26.040872   144.456273      146.785   44.37682   16.02432    8
   2    2    0   2.030701   163.185507    29.077574      165.756   44.58381   10.11045    4
   0    4    0   2.005000   222.504437    31.032923      224.658   45.18665    9.00918    2
   2    2    1   1.985655   -46.514249    -4.446359      46.7263   45.65159    1.52328    8
   0    4    1   1.961607  -104.998495    -9.458293      105.424   46.24351    3.76571    4
   1    3    3   1.872692    27.216137     0.032400      27.2162   48.57696    0.44891    8
   1    2    4   1.872186     5.738938   -65.781223      66.0311   48.59094    2.64071    8
   2    2    2   1.866612   169.201435    18.419373      170.201   48.74545   17.41864    8
   0    4    2   1.846593     3.519280     9.189186      9.84004   49.30890    0.02836    4
   0    1    5   1.845139    -2.381725    79.464480      79.5002   49.35034    1.84764    4
   1    4    0   1.844805   -11.813736    76.741676      77.6457   49.35988    1.76167    4
   2    1    3   1.838034     5.795158  -106.850785      107.008   49.55393    6.63245    8
   1    4    1   1.810836   -10.184911     0.157000      10.1861   50.34964    0.05796    8
   0    3    4   1.773433   -27.035555   196.139111      197.994   51.48831   10.40521    4
   1    0    5   1.758842   -21.129607   236.903979      237.844   51.94714   14.71489    4
   2    3    1   1.737198    -1.738274   -60.389659      60.4147   52.64371    1.84208    8
   1    4    2   1.719187    -8.124399    83.898413      84.2909   53.23840    3.49521    8
   1    1    5   1.718013  -154.114390   -27.599997      156.566   53.27763   12.03873    8
   0    2    5   1.714061  -101.343682    -7.088967      101.591   53.41020    2.52005    4
   2    2    3   1.708361  -135.719905   -11.338141      136.193   53.60263    8.98417    8
   0    4    3   1.692974  -115.949571   -14.071073        116.8   54.12937    3.23118    4
   2    0    4   1.670514  -200.938436   -23.207030      202.274   54.91794    9.37710    4
   1    3    4   1.659683   102.813653     0.900002      102.818   55.30691    4.76856    8
   2    3    2   1.655796   -32.301483   260.106615      262.105   55.44790   30.80991    8
   2    1    4   1.635414   -24.195829   128.258855      130.521   56.19977    7.41016    8
   1    2    5   1.610717    -9.804144    28.891024      30.5092   57.14001    0.38995    8
   1    4    3   1.593181   -26.814658   130.715613      133.438   57.82796    7.26031    8
   0    5    1   1.581522   -16.461652   147.483701        148.4   58.29509    4.40913    4
   0    0    6   1.580000  -218.922549   -33.139752      221.417   58.35665    4.89604    2
   0    1    6   1.550203     5.917554   -53.389339      53.7163   59.59028    0.54985    4
   3    0    1   1.548903   -15.341989    77.983789      79.4786   59.64538    1.20126    4
   0    3    5   1.546530     8.247114   -50.489647      51.1588   59.74617    0.49583    4
   2    3    3   1.542340    -3.397678    66.572521      66.6592   59.92509    1.67238    8
   2    2    4   1.542057   -94.499083   -17.289188      96.0676   59.93720    3.47195    8
   0    4    4   1.530712  -126.802159   -18.520758      128.148   60.42753    3.03321    4
   2    4    0   1.526648   201.280418    31.032923      203.659   60.60524    7.61100    4
   3    1    1   1.520800   132.429306    25.433009      134.849   60.86294    6.61086    8
   0    5    2   1.519364   -28.042558   199.320957      201.284   60.92655    7.34748    4
   2    4    1   1.507229   -94.422776    -9.458293      94.8953   61.46996    3.20236    8
   1    5    1   1.499259   267.379149    31.413776      269.218   61.83250   25.44073    8
   1    1    6   1.472498    31.008774     2.080648      31.0785   63.08384    0.32439    8
   0    2    6   1.470007  -311.967755   -38.587596      314.345   63.20305   16.52461    4
   1    3    5   1.469349  -240.934867   -32.524760       243.12   63.23463   19.74761    8
   3    1    2   1.465287   100.213360     4.110190      100.298   63.43029    3.33823    8
   3    2    0   1.461944   -12.607606   148.349188      148.884   63.59233    3.65745    4
   1    4    4   1.455763     6.691619   -38.195026      38.7768   63.89419    0.49110    8
   2    4    2   1.453138     4.153896     9.189186      10.0844   64.02332    0.03307    8
   2    1    5   1.452429    -2.381725    71.348904      71.3886   64.05829    1.65523    8
   1    5    2   1.445991   -49.630872   -11.360506      50.9145   64.37771    0.83289    8
   3    2    1   1.444864   -21.970762   191.662091      192.917   64.43401   11.93508    8
   0    5    3   1.430290     4.939497   -72.409121      72.5774   65.17129    0.82410    4
   2    3    4   1.416669   -27.035555   178.925204      180.956   65.87688   10.01199    8
   3    0    3   1.406026   -38.965380   303.372495      305.865   66.43978   14.04525    4
   1    2    6   1.403251     9.766631   -98.554073      99.0368   66.58825    2.93115    8
   3    2    2   1.397006    -5.171970    56.331930      56.5689   66.92497    0.94616    8
   2    2    5   1.385850   -92.099506    -7.088967      92.3719   67.53578    2.47508    8
   3    1    3   1.384904   -35.509390    -3.571710      35.6886   67.58808    0.36886    8
   0    4    5   1.377597   -19.969869    -4.260397      20.4193   67.99536    0.05962    4
   2    4    3   1.374633  -105.975894   -14.071073      106.906   68.16212    3.25198    8
   1    5    3   1.368579   -50.053184    -4.312114      50.2386   68.50543    0.71072    8
   0    3    6   1.360196     3.457552   -11.401640      11.9144   68.98699    0.01970    4
   3    3    1   1.340204   192.609408    28.911094      194.767   70.16575   10.17230    8
   0    6    0   1.336667    70.507544    21.958045      73.8476   70.37887    0.36337    2
   0    1    7   1.335380    -2.635697    67.956585      68.0077   70.45672    0.61498    4
   0    5    4   1.328368   -31.840152   271.190413      273.053   70.88448    9.79470    4
   3    2    3   1.326829   -33.631383   214.252816      216.876   70.97912   12.32535    8
   0    6    1   1.323575    23.939768    -4.347961      24.3314   71.18011    0.07713    4
   1    4    5   1.322203   -12.696788    80.987390      81.9766   71.26523    1.74701    8
   2    5    1   1.312934   -16.461652   135.412319      136.409   71.84618    4.76075    8
   2    0    6   1.312062  -201.579492   -33.139752      204.285   71.90131    5.33068    4
   1    3    6   1.306795    20.694611     2.083668      20.7992   72.23666    0.10952    8
   3    3    2   1.301747   -57.362321    -8.732384      58.0232   72.56125    0.84499    8
   1    0    7   1.301551    26.856860  -220.023838      221.657   72.57393    6.16359    4
   2    1    6   1.294849     5.917554   -49.092871      49.4482   73.01001    0.60648    8
   2    3    5   1.292706     8.247114   -46.595692      47.3199   73.15064    0.55337    8
   3    1    4   1.291773   -39.732454    -4.078033      39.9412   73.21210    0.39362    8
   0    6    2   1.286493    85.743231    13.452629      86.7921   73.56185    0.92098    4
   1    6    0   1.285888   -17.224303    96.708362      98.2303   73.60217    1.17851    4
   1    1    7   1.284742   -91.802061   -21.832701      94.3625   73.67862    2.17083    8
   2    4    4   1.283425  -116.974499   -18.520758      118.432   73.76673    3.41184    8
   0    2    7   1.283087    55.784055     5.960368      56.1016   73.78941    0.38258    4
   1    5    4   1.278494  -159.588814   -17.727901       160.57   74.09876    6.21933    8
   2    5    2   1.276714   -28.042558   183.907048      186.033   74.21937    8.32301    8
   1    6    1   1.274219   -16.801854   121.812661      122.966   74.38925    3.62105    8
   2    2    6   1.247008  -288.230208   -38.587596      290.802   76.29903   19.34817    8
   3    3    3   1.244408    22.299276     0.032400      22.2993   76.48720    0.11328    8
   3    2    4   1.244260     5.738938   -54.800038      55.0997   76.49798    0.69146    8
   1    6    2   1.241031    -3.875702   -19.849892      20.2247   76.73317    0.09267    8
   0    4    6   1.240986   -44.336443   -22.035252      49.5103   76.73650    0.27764    4
   1    2    7   1.237973    16.464232   -54.951349      57.3648   76.95744    0.74176    8
   3    4    0   1.236123   -11.813736    64.844597       65.912   77.09385    0.48815    4
   0    6    3   1.231062   -43.833475   -13.951856      46.0003   77.46966    0.23580    4
   3    4    1   1.225746   -10.184911     1.611658      10.3116   77.86885    0.02349    8
   0    5    5   1.224570    12.714043   -62.790635      64.0649   77.95784    0.45258    4
   2    5    3   1.222486     4.939497   -66.824249      67.0066   78.11597    0.98687    8
   3    0    5   1.209238   -21.129607   199.129942      200.248   79.13840    4.31476    4
   0    3    7   1.208108     4.598435    -1.435783      4.81737   79.22699    0.00249    4
   1    4    6   1.200031    16.513665  -137.534923      138.523   79.86688    4.07039    8
   3    4    2   1.196118    -8.124399    70.820401      71.2849   80.18102    1.07143    8
   3    1    5   1.195723  -131.722011   -27.599997      134.582   80.21292    3.81664    8
   1    6    3   1.191051   -25.419495   120.813172      123.458   80.59206    3.18889    8
   2    4    5   1.189093   -18.623534    -4.260397      19.1046   80.75211    0.07613    8
   1    5    5   1.185168  -186.397947   -29.206758      188.672   81.07523    7.38158    8
   0    0    8   1.185000  -178.825795   -18.607080      179.791   81.08912    1.67533    2
   2    3    6   1.177848     3.457552   -10.692056      11.2372   81.68563    0.02590    8
   4    0    0   1.177500   352.151090    43.903991      354.877   81.71494    6.45467    2
   3    3    4   1.175532    86.114166     0.900002      86.1189   81.88100    1.51606    8
   0    1    8   1.172273    29.787378  -155.732594      158.556   82.15764    2.55735    4
   1    3    7   1.170226  -192.821500   -28.170731      194.868   82.33246    7.70285    8
   0    6    4   1.164262   -58.030583   -13.984780      59.6919   82.84676    0.35831    4
   2    6    0   1.162471    66.221563    21.958045      69.7671   83.00264    0.48824    4
   2    1    7   1.161624    -2.635697    62.925595      62.9808   83.07654    0.79480    8
   3    2    5   1.157743    -9.804144    25.377935      27.2059   83.41730    0.14751    8
   2    5    4   1.156999   -31.840152   252.242337      254.244   83.48298   12.86896    8
   4    1    1   1.156312    -2.246512     8.642469      8.92967   83.54381    0.01586    8
   2    6    1   1.153828    21.923157    -4.347961      22.3502   83.76429    0.09902    8
   3    4    3   1.151180   -26.814658   112.983644      116.122   84.00093    2.66324    8
   4    0    2   1.142767    92.594782    15.740358      93.9231   84.76279    0.86145    4
   1    1    8   1.137568    46.906963     4.982322      47.1708   85.24161    0.43165    8
   0    7    1   1.137438   -20.581593   144.854537      146.309   85.25369    2.07602    4
   0    2    8   1.136418   -27.200308    -8.624592      28.5349   85.34832    0.07886    4
   4    1    2   1.131340   -26.040872   113.898160      116.837   85.82349    2.62749    8
   1    6    4   1.130243    10.576796   -61.639754      62.5406   85.92687    0.75182    8
   4    2    0   1.129799   128.645405    29.077574      131.891   85.96889    1.67090    4
   2    6    2   1.129014    80.085759    13.452629      81.2078   86.04318    1.26569    8
   2    2    7   1.126710    51.974600     5.960368      52.3152   86.26205    0.52381    8
   0    5    6   1.125618     3.007078    -6.721947       7.3639   86.36619    0.00518    4
   0    4    7   1.122261    14.812010     5.843631      15.9231   86.68827    0.02413    4
   4    2    1   1.121860   -35.902517    -4.446359      36.1768   86.72701    0.24903    8
   3    5    1   1.114209   230.208827    31.413776      232.342   87.47245   10.18179    8
   0    7    2   1.113644   -26.438965   174.905753      176.893   87.52808    2.94905    4
   1    7    1   1.105654    91.461886    20.257709      93.6784   88.32385    1.63980    8
   1    2    8   1.104718     6.976947   -83.495775      83.7868   88.41820    1.31049    8
   3    1    6   1.103092    26.597551     2.080648      26.6788   88.58263    0.13264    8
   3    3    5   1.101766  -208.357662   -32.524760      210.881   88.71721    8.27609    8
   4    2    2   1.099011   132.351744    18.419373      133.627   88.99846    3.31380    8
   2    4    6   1.097880   -42.273067   -22.035252      47.6714   89.11450    0.42127    8
   3    4    4   1.096003     6.691619   -33.219715       33.887   89.30789    0.21247    8
   1    5    6   1.094788    12.219966     2.136515      12.4053   89.43359    0.02844    8
   4    1    3   1.093090     5.795158   -82.661182      82.8641   89.61006    1.26693    8
   0    6    5   1.092471   -36.791619    -6.944136      37.4412   89.67450    0.12925    4
   3    5    2   1.091815   -43.464775   -11.360506      44.9249   89.74299    0.37194    8
   1    4    7   1.091699    23.228127  -160.538386       162.21   89.75509    4.84848    8
   2    6    3   1.090991   -41.419790   -13.951856      43.7064   89.82919    0.35176    8
   2    5    5   1.086464    12.714043   -58.980648      60.3354   90.30620    0.66760    8
   1    7    2   1.083762  -201.565308   -25.189008      203.133   90.59383    7.54918    8
   0    3    8   1.083340    30.488256  -169.458920       172.18   90.63899    2.71091    4
   0    7    3   1.077104    -2.623827    50.692894      50.7608   91.31183    0.23440    4
   2    3    7   1.074919     4.598435    -1.576504      4.86117   91.55044    0.00429    8
   3    2    6   1.073062     9.766631   -85.327745      85.8849   91.75437    1.33784    8
   4    3    1   1.070705    -1.738274   -46.312165      46.3448   92.01475    0.38888    8
   1    6    5   1.064219    -6.334646    -9.036172      11.0354   92.74052    0.02195    8
   4    2    3   1.063848  -107.040449   -11.338141      107.639   92.78248    2.08781    8
   2    0    8   1.058544  -167.382392   -18.607080      168.413   93.38686    2.54706    4
   3    5    3   1.057317   -43.392728    -4.312114      43.6065   93.52809    0.34128    8
   1    3    8   1.055772   -41.491730     2.557480      41.5705   93.70653    0.30988    8
   4    0    4   1.054519  -160.120064   -23.207030      161.793   93.85188    2.34540    4
   4    3    2   1.050788   -32.301483   207.920389      210.415   94.28806    7.91844    8
   1    7    3   1.049998    44.548450     1.996874      44.5932   94.38096    0.35551    8
   2    1    8   1.049443    29.787378  -146.604543        149.6   94.44646    4.00008    8
   4    1    4   1.045520   -24.195829   104.061888      106.838   94.91210    2.03652    8
   0    1    9   1.044364     2.853285   -46.176836      46.2649   95.05041    0.19085    4
   2    6    4   1.043684   -54.814276   -13.984780      56.5701   95.13208    0.57054    8
   3    4    5   1.035489   -12.696788    71.057414      72.1829   96.12876    0.92632    8
   0    5    7   1.034779    11.877133   -64.631366      65.7136   96.21628    0.38378    4
   0    7    4   1.031506   -17.541949    58.599712       61.169   96.62248    0.33227    4
   3    3    6   1.028038    18.060800     2.083668      18.1806   97.05747    0.05866    8
   1    0    9   1.027941    36.549893  -228.231560       231.14   97.06967    4.74095    4
   3    0    7   1.025479    26.856860  -192.590795      194.454   97.38153    3.35422    4
   2    7    1   1.024229   -20.581593   136.207588      137.754   97.54076    3.36610    8
   2    2    8   1.023485   -25.856294    -8.624592      27.2568   97.63591    0.13178    8
   0    6    6   1.020475  -166.471378   -29.251174      169.022   98.02301    2.53304    4
   0    4    8   1.020147   -42.104278    -9.428731      43.1471   98.06535    0.16506    4
   4    3    3   1.019927    -3.397678    53.019231       53.128   98.09382    0.50052    8
   4    2    4   1.019845   -77.216593   -17.289188      79.1285   98.10441    1.11030    8
   1    1    9   1.019600    53.229590     8.060706      53.8365   98.13617    0.51395    8
   0    2    9   1.018772    92.276027    10.413825      92.8618   98.24361    0.76455    4
   3    6    0   1.017765   -17.224303    85.329734      87.0508   98.37467    0.67185    4
   3    1    7   1.017197   -81.586159   -21.832701      84.4569   98.44883    1.26481    8
   2    5    6   1.015574     3.007078    -6.446678      7.11352   98.66147    0.00897    8
   4    4    0   1.015350   163.800554    31.032923      166.714   98.69081    2.46426    4
   3    5    4   1.014088  -139.770267   -17.727901       140.89   98.85712    3.52011    8
   2    4    7   1.013106    14.162457     5.843631      15.3207   98.98681    0.04163    8
   3    6    1   1.011950   -16.801854   107.070042       108.38   99.14018    2.08337    8
   1    5    7   1.010676  -175.392726   -26.935002      177.449   99.30998    5.58562    8
   4    4    1   1.009576   -76.188982    -9.458293      76.7738   99.45698    1.04571    8
   1    7    4   1.007625  -115.776087   -18.723673       117.28   99.71926    2.44100    8
   2    7    2   1.006753   -26.438965   164.755838      166.864   99.83699    4.94207    8
   0    8    0   1.002500   219.720320    31.016426      221.899  100.41646    2.18703    2
   1    6    6   0.997335    10.286298     9.626062      14.0879  101.13169    0.03532    8
   1    4    8   0.997029     4.077950   -21.195685      21.5844  101.17441    0.08292    8
   0    8    1   0.996941   -93.631379   -14.177024      94.6986  101.18669    0.79806    4
   1    2    9   0.995745    34.149020  -195.762419      198.719  101.35435    7.03168    8
   3    6    2   0.995085    -3.875702   -16.768281      17.2104  101.44719    0.05276    8
   3    2    7   0.993507    16.464232   -49.429476      52.0994  101.67009    0.48379    8
   4    4    2   0.992828     4.741194     9.189186      10.3402  101.76635    0.01906    8
   4    1    5   0.992602    -2.381725    57.139766      57.1894  101.79846    0.58318    8
   2    6    5   0.991029   -34.781028    -6.944136      35.4675  102.02242    0.22447    8
   2    3    8   0.984197    30.488256  -160.182068      163.058  103.01039    4.76283    8
   4    3    4   0.980960   -27.035555   147.118697      149.582  103.48717    4.01693    8
   0    8    2   0.980804    68.979568    12.003735      70.0162  103.51033    0.44010    4
   0    7    5   0.980586    24.446251  -174.121882       175.83  103.54266    2.77591    4
   1    8    0   0.980535   -15.226903    14.548614      21.0599  103.55010    0.03982    4
   0    3    9   0.980005    -8.642309   101.254610      101.623  103.62891    0.92766    4
   2    7    3   0.979515    -2.623827    47.510369      47.5828  103.70183    0.40690    8
   1    8    1   0.975332   -12.049800    57.074677      58.3328  104.32964    0.61356    8
   3    4    6   0.973572    16.513665  -121.362144       122.48  104.59679    2.70912    8
   4    2    5   0.970552   -74.878539    -7.088967      75.2134  105.05938    1.02445    8
   3    6    3   0.968758   -25.419495   107.963945      110.916  105.33654    2.23178    8
   4    4    3   0.966675   -87.206427   -14.071073      88.3343  105.66098    1.41857    8
   3    5    5   0.965585  -165.484858   -29.206758      168.042  105.83175    5.13967    8
   1    8    2   0.960206   -10.849101    58.254561      59.2562  106.68528    0.64306    8
   1    7    5   0.960001  -151.303837   -26.280944      153.569  106.71810    4.32016    8
   1    3    9   0.959456    44.215489     7.387478      44.8284  106.80566    0.36837    8
   3    3    7   0.957453  -171.165330   -28.170731      173.468  107.12913    5.52997    8
   0    8    3   0.955566   -68.900020   -19.263743      71.5423  107.43623    0.47148    4
   2    1    9   0.954698     2.853285   -43.361055      43.4548  107.57823    0.34830    8
   0    5    8   0.953109    33.468181  -214.680097      217.273  107.83956    4.36334    4
   0    6    7   0.951334    93.039694    13.993443      94.0861  108.13350    0.82029    4
   0    0   10   0.948000    97.390957    21.468302      99.7291  108.69146    0.46314    2
   2    5    7   0.947360    11.877133   -61.269193      62.4098  108.79949    0.72623    8
   2    7    4   0.944846   -17.541949    56.043372      58.7246  109.22643    0.64561    8
   4    5    1   0.944471   -16.461652   111.896224      113.101  109.29046    2.39625    8
   4    0    6   0.944147  -168.035720   -33.139752      171.272  109.34598    2.74905    4
   0    1   10   0.941446    19.883960   -64.884000      67.8624  109.81120    0.43359    4
   3    1    8   0.939317    41.518098     4.982322       41.816  110.18160    0.33051    8
   4    1    6   0.937672     5.917554   -40.635078      41.0637  110.47030    0.31970    8
   5    0    1   0.937384   -15.341989    60.832337      62.7371  110.52104    0.37332    4
   4    3    5   0.936857     8.247114   -39.025220      39.8871  110.61398    0.30211    8
   1    8    3   0.936487   -28.342490   175.443486      177.718  110.67937    6.00153    8
   2    6    6   0.936346  -157.834245   -29.251174      160.522  110.70438    4.89762    8
   2    4    8   0.936093   -40.068269    -9.428731      41.1627  110.74919    0.32221    8
   3    6    4   0.935181    10.576796   -55.105949      56.1118  110.91124    0.59980    8
   2    2    9   0.935030    87.072722    10.413825      87.6933  110.93802    1.46540    8
   1    5    8   0.934174   127.358146    18.533597        128.7  111.09077    3.16164    8
   4    4    4   0.933306   -97.697299   -18.520758      99.4373  111.24629    1.89065    8
   1    6    7   0.932503    14.086841   -40.359074      42.7469  111.39072    0.34997    8
   0    4    9   0.932483    89.672544    14.269720      90.8008  111.39421    0.78956    4
   5    1    1   0.931046   103.482932    25.433009      106.562  111.65404    2.18141    8
   4    5    2   0.930716   -28.042558   153.527499      156.068  111.71385    4.68226    8
   0    7    6   0.927522     3.370004   -14.707769      15.0889  112.29783    0.02203    4
   0    8    4   0.923297  -101.752451   -16.496444      103.081  113.08381    1.03836    4
   1    1   10   0.923184   -93.472198    -5.779190      93.6507  113.10490    1.71459    8
   0    2   10   0.922570   134.183836    24.172528      136.344  113.22058    1.81975    4
   2    8    0   0.922403   207.942336    31.016426      210.243  113.25208    4.32871    4
   3    7    1   0.921108    82.558399    20.257709      85.0074  113.49698    1.41978    8
   3    2    8   0.920566     6.976947   -73.836651      74.1656  113.59987    1.08215    8
   4    2    6   0.919017  -240.451747   -38.587596      243.528  113.89563   11.71277    8
   2    8    1   0.918067   -88.708161   -14.177024      89.8339  114.07812    1.59768    8
   5    1    2   0.917860    75.440409     4.110190      75.5523  114.11789    1.13066    8
   5    2    0   0.917037   -12.607606   113.168732      113.869  114.27689    1.28689    4
   3    5    6   0.914797    10.965257     2.136515      11.1715  114.71250    0.02492    8
   1    4    9   0.914729    25.557104   -88.264425        91.89  114.72582    1.68634    8
   3    4    7   0.912993    23.228127  -143.435212      145.304  115.06691    4.23658    8
   5    2    1   0.912776   -21.970762   147.760115      149.385  115.10962    4.48056    8
   1    7    6   0.910045   -11.187629     0.866221      11.2211  115.65270    0.02548    8
   4    5    3   0.909068     4.939497   -55.160152      55.3809  115.84862    0.62232    8
   3    7    2   0.908335  -179.662404   -25.189008       181.42  115.99642    6.69261    8
   1    8    4   0.906052    10.390996   -29.004383      30.8095  116.45988    0.19434    8
   2    8    2   0.905418    65.524910    12.003735      66.6153  116.58955    0.91030    8
   1    2   10   0.905365    -3.925821    16.507794      16.9682  116.60043    0.05907    8
   2    7    5   0.905247    24.446251  -164.943586      166.745  116.62471    5.70654    8
   2    3    9   0.904790    -8.642309    95.481694       95.872  116.71853    1.88913    8
   5    0    3   0.902743   -38.965380   235.877250      239.074  117.14147    5.91162    4
   5    2    2   0.900342    -5.171970    43.374163      43.6814  117.64330    0.39778    8
   5    1    3   0.897078   -27.450329    -3.571710      27.6817  118.33585    0.16152    8
   3    6    5   0.896736    -6.334646    -7.001844      9.44212  118.40909    0.01881    8
   4    4    5   0.895083   -15.969972    -4.260397      16.5285  118.76513    0.05799    8
   0    3   10   0.893485    27.826716  -170.485092      172.741  119.11225    3.18495    4
   3    3    8   0.891665   -35.944855     2.557480      36.0357  119.51142    0.27906    8
   4    3    6   0.890257     3.457552    -9.377552      9.99466  119.82298    0.02158    8
   3    7    3   0.888178    39.292075     1.996874      39.3428  120.28745    0.33707    8
   0    9    1   0.887200   -22.912218   123.041738      125.157  120.50788    1.71211    4
   0    6    8   0.886716    11.301879    -4.866448      12.3051  120.61741    0.01658    4
   0    8    5   0.886242    30.128173    -3.182433      30.2958  120.72511    0.10070    4
   2    8    3   0.885451   -66.129575   -19.263743      68.8782  120.90523    1.04435    8
   5    3    1   0.884580   151.912350    28.911094      154.639  121.10457    5.28270    8
   4    6    0   0.883561    58.326658    21.958045       62.323  121.33915    0.43083    4
   2    5    8   0.883495    33.468181  -203.889141      206.618  121.35426    9.47307    8
   4    1    7   0.883189    -2.635697    51.837421      51.9044  121.42507    0.59857    8
   2    6    7   0.882081    88.327998    13.993443      89.4296  121.68222    1.78520    8
   4    5    4   0.881151   -31.840152   212.091828      214.469  121.89930   10.30781    8
   5    2    3   0.880701   -33.631383   169.613110      172.915  122.00472    6.71341    8
   0    5    9   0.880459     1.636934   -44.476148      44.5063  122.06175    0.22261    4
   4    6    1   0.879748    17.022965    -4.347961      17.5695  122.22920    0.06960    8
   2    0   10   0.879421    93.040902    21.468302      95.4856  122.30644    1.02928    4
   1    3   10   0.877830    33.986304     6.888612      34.6774  122.68473    0.27342    8
   0    9    2   0.875769   -11.736140    -3.685606      12.3012  123.18000    0.01736    4
   3    0    9   0.874708    36.549893  -205.537141      208.762  123.43750    5.02579    4
   0    7    7   0.874693    22.197820  -155.337513      156.916  123.44131    2.83966    4
   2    1   10   0.874181    19.883960   -62.478522      65.5663  123.56601    0.99395    8
   5    3    2   0.873249   -45.488596    -8.732384      46.3192  123.79449    0.49824    8
   1    9    1   0.871867    63.773296    16.702683      65.9243  124.13542    1.01598    8
   1    6    8   0.871408     4.742286   -13.543365      14.3496  124.24944    0.04824    8
   1    8    5   0.870958   -14.603345   107.656706      108.643  124.36158    2.77153    8
   5    1    4   0.870219   -31.065202    -4.078033      31.3317  124.54631    0.23135    8
   3    1    9   0.869552    47.899933     8.060706      48.5734  124.71376    0.55788    8
   4    6    2   0.868599    68.224145    13.452629      69.5378  124.95421    1.14885    8
   4    2    7   0.867549    43.717075     5.960368      44.1215  125.22110    0.46500    8
   2    4    9   0.866992    85.270914    14.269720      86.4567  125.36324    1.79057    8
   1    5    9   0.865467   -33.819066     1.012811      33.8342  125.75544    0.27642    8
   3    5    7   0.863996  -158.007115   -26.935002      160.286  126.13761    6.25259    8
   2    7    6   0.863000     3.370004   -14.077749      14.4755  126.39842    0.05127    8
   3    7    4   0.862088  -104.474032   -18.723673      106.139  126.63903    2.77038    8
   1    9    2   0.861012   -88.862112   -20.852191      91.2759  126.92470    2.06115    8
   1    7    7   0.859989  -109.424755   -21.423787      111.502  127.19837    3.09371    8
   2    8    4   0.859593   -96.825051   -16.496444      98.2203  127.30463    2.40600    8
   2    2   10   0.859007   127.900286    24.172528      130.164  127.46289    4.23978    8
   0    9    3   0.857662     3.868186   -34.415320       34.632  127.82811    0.15125    4
   0    4   10   0.857030    86.163262    20.045263      88.4642  128.00079    0.99058    4
   0    1   11   0.856885    -5.047996    39.103328      39.4278  128.04069    0.19694    4
   3    6    6   0.855617    10.286298     6.813485      12.3382  128.39034    0.03887    8
   3    4    8   0.855424     4.077950   -19.247149      19.6744  128.44384    0.09894    8
   5    3    3   0.855294    16.955098     0.032400      16.9551  128.47985    0.07354    8
   5    2    4   0.855246     5.738938   -43.111441      43.4917  128.49323    0.48401    8
   3    2    9   0.854613    34.149020  -177.227555      180.488  128.66950    8.36800    8
   4    4    6   0.854180   -39.344329   -22.035252      45.0947  128.79032    0.52376    8
   5    4    0   0.852590   -11.813736    52.353252      53.6696  129.23829    0.37466    4
   4    6    3   0.850924   -36.955351   -13.951856      39.5013  129.71321    0.41026    8
   5    4    1   0.849162   -10.184911     3.871316      10.8958  130.22206    0.03158    8
   4    5    5   0.848771    12.714043   -51.106509      52.6642  130.33612    0.73964    8
   1    0   11   0.847744     9.815931   -52.987564      53.8891  130.63703    0.38991    4
   0    8    6   0.846487  -126.043449   -25.138254      128.526  131.00855    2.23712    4
   3    8    0   0.844939   -15.226903    15.255489      21.5543  131.47143    0.06360    4
   1    9    3   0.843787   -72.790178    -6.956989      73.1219  131.81968    1.47609    8
   5    0    5   0.843616   -21.129607   157.368200       158.78  131.87168    3.48431    4
   4    3    7   0.843232     4.598435    -2.309250       5.1457  131.98864    0.00734    8
   1    4   10   0.843185    -9.246736    49.584070      50.4389  132.00274    0.70540    8
   1    1   11   0.843047   137.448576    30.954721      140.891  132.04506    5.50950    8
   0    2   11   0.842579    50.850833     5.234495      51.1195  132.18844    0.36389    4
   3    8    1   0.841602   -12.049800    52.107004      53.4821  132.48920    0.80239    8
   5    4    2   0.839123    -8.124399    56.216458      56.8005  133.26439    0.92226    8
   5    1    5   0.838987  -107.904451   -27.599997      111.378  133.30758    3.54984    8
   2    3   10   0.835382    27.826716  -162.465296      164.831  134.46694    8.00201    8
   4    0    8   0.835257  -141.622161   -18.607080      142.839  134.50760    3.00767    4
   0    9    4   0.834100   -17.509918    77.909973      79.8534  134.88836    0.94909    4
   1    8    6   0.833139    23.784407  -119.200618       121.55  135.20770    4.43403    8
   5    3    4   0.831921    66.072777     0.900002      66.0789  135.61635    1.32426    8
   3    8    2   0.831826   -10.849101    53.017909      54.1166  135.64856    0.88894    8
   3    7    5   0.831693  -137.386890   -26.280944      139.878  135.69355    5.94585    8
   3    3    9   0.831339    40.101285     7.387478      40.7761  135.81370    0.50685    8
   4    1    8   0.830764    29.787378  -127.235853      130.676  136.00941    5.23201    8
   2    9    1   0.830238   -22.912218   117.545395      119.758  136.18942    4.41492    8
   2    6    8   0.829842    10.158859    -4.866448      11.2643  136.32582    0.03920    8
   2    8    5   0.829453    27.977880    -3.182433      28.1583  136.46013    0.24582    8
   1    2   11   0.829412    13.294511   -94.713196      95.6417  136.47425    2.83698    8
   4    6    4   0.827898   -48.263021   -13.984780      50.2483  137.00207    0.79409    8
   0    6    9   0.827324    29.467250    13.149931      32.2682  137.20450    0.16462    4
   5    2    5   0.825545    -9.804144    22.153945      24.2264  137.83926    0.18879    8
   2    5    9   0.824706     1.636934   -41.889218      41.9212  138.14264    0.56997    8
   0    7    8   0.823681    21.674007   -77.155908      80.1424  138.51709    1.05229    4
   5    4    3   0.823155   -26.814658    94.045373      97.7934  138.71088    3.15053    8
   1    9    4   0.821320  -123.269929   -22.894969      125.378  139.39562    5.27828    8
   2    9    2   0.820848   -11.736140    -2.369004      11.9729  139.57421    0.04838    8
   0    3   11   0.820249    -3.761086   -20.066928      20.4164  139.80224    0.07079    4
   2    7    7   0.819961    22.197820  -147.859323      149.516  139.91215    7.61659    8
   4    7    1   0.818086   -20.581593   116.914968      118.713  140.63831    4.90239    8
   4    2    8   0.817707   -23.310870    -8.624592      24.8552  140.78726    0.21583    8
   3    8    3   0.816263   -28.342490   159.255321      161.758  141.36039    9.29546    8
   0    5   10   0.816118    23.875710  -125.348722      127.602  141.41856    2.89714    4
   1    6    9   0.814849    26.076580  -108.956392      112.033  141.93177    4.53489    8
   3    5    8   0.814730   115.273910    18.533597      116.754  141.98015    4.93222    8
   4    5    6   0.813656     3.007078    -6.024146      6.73297  142.42186    0.01662    8
   3    6    7   0.813620    14.086841   -37.964514      40.4937  142.43639    0.60145    8
   4    4    7   0.812385    13.058181     5.843631      14.3061  142.95223    0.07625    8
   1    7    8   0.811367    95.732779    19.931429      97.7856  143.38364    3.60987    8
   5    5    1   0.809315   185.980261    31.413776      188.615  144.27237   13.80678    8
   4    7    2   0.809098   -26.438965   142.061917      144.501  144.36766    8.12806    8
   1    3   11   0.808086   142.111643    30.990772      145.452  144.81692    8.35333    8
   3    1   10   0.807409   -83.296648    -5.779190      83.4969  145.12152    2.77966    8
   0    9    5   0.806478    22.126391   -94.814063      97.3616  145.54493    1.91570    4
   2    9    3   0.805882     3.868186   -32.681707      32.9098  145.81932    0.44168    8
   0    8    7   0.805758    14.358985    10.015804       17.507  145.87677    0.06261    4
   2    4   10   0.805358    82.808337    20.045263         85.2  146.06257    2.98400    8
   2    1   11   0.805238    -5.047996    37.196625      37.5376  146.11892    0.58031    8
   5    1    6   0.805024    21.060918     2.080648      21.1634  146.21875    0.18507    8
   5    3    5   0.804509  -169.798713   -32.524760      172.886  146.46150   12.44968    8
   1    5   10   0.804136    24.088880     8.787593      25.6417  146.63838    0.27548    8
   5    4    4   0.802257     6.691619   -27.540050      28.3414  147.54600    0.34700    8
   0   10    0   0.802000   120.576120    22.349560       122.63  147.67222    1.63117    2
   3    4    9   0.801734    25.557104   -82.270969      86.1492  147.80368    3.23465    8
   4    6    5   0.800868   -30.377881    -6.944136      31.1615  148.23569    0.42958    8
   5    5    2   0.800610   -36.833139   -11.360506      38.5453  148.36603    0.66028    8
   0   10    1   0.799145   -31.615361   -11.261191      33.5611  149.11590    0.25699    4
   3    7    6   0.798574    -9.698550     0.866221      9.73716  149.41395    0.04373    8
   4    3    8   0.797250    30.488256  -139.650344       142.94  150.11809    9.66716    8
   2    8    6   0.796590  -120.796712   -25.138254      123.385  150.47573    7.29858    8
   3    8    4   0.795872    10.390996   -27.417740      29.3207  150.87053    0.41827    8
   3    2   10   0.795407    -3.925821    15.248416      15.7457  151.12992    0.12180    8
   1    9    5   0.794910   -20.916435   -14.103721      25.2272  151.40970    0.31600    8
   4    7    3   0.794755    -2.623827    39.842993      39.9293  151.49742    0.79430    8
   1    8    7   0.794220    18.658998  -106.780331      108.398  151.80283    5.92291    8
   2    2   11   0.793331    48.270115     5.234495      48.5531  152.31885    1.21236    8
   5    2    6   0.793127     9.766631   -68.719187      69.4098  152.43873    2.48933    8
   0    4   11   0.791773    54.729240     6.783331       55.148  153.24904    0.81150    4
   0   10    2   0.790761    78.809508    12.375908      79.7753  153.87318    1.74188    4
   1   10    0   0.790620   -35.113897   213.769162      216.634  153.96114   12.89168    4
   0    0   12   0.790000   250.994281    41.487523        254.4  154.35323    9.03534    2
   1   10    1   0.787885   -13.552594    83.816632      84.9052  155.74152    4.27282    8
   5    5    3   0.786705   -34.808383    -4.312114      35.0745  156.55461    0.75614    8
   2    9    4   0.786241   -17.509918    74.899467       76.919  156.88272    3.69138    8
   0    1   12   0.786195   -11.307524    65.962596      66.9248  156.91578    1.39935    4
   6    0    0   0.785000   268.392771    43.903991       271.96  157.78613   12.03415    2
   4    1    9   0.781326     2.853285   -36.550711      36.6619  160.72309    1.01532    8
   1    4   11   0.780818     0.848662    46.805817      46.8135  161.16731    1.69620    8
   2    6    9   0.780558    28.974022    13.149931      31.8185  161.39825    0.79374    8
   1   10    2   0.779847   -11.679479    47.026251      48.4549  162.04807    1.91010    8
   6    1    1   0.778627    -2.246512     7.025922      7.37634  163.22268    0.04748    8
   5    4    5   0.777588   -12.696788    58.922500      60.2749  164.29434    3.39388    8
   2    7    8   0.777497    21.674007   -74.633485      77.7169  164.39280    5.67893    8
   0   10    3   0.777355  -159.031838   -30.451299      161.921  164.54610   12.45160    4
   4    5    7   0.777288    11.877133   -53.703206      55.0009  164.61906    2.88738    8
   3    3   10   0.776540    31.252051     6.888612      32.0022  165.45870    1.03555    8
   0    9    6   0.776175     5.226380   -37.956261      38.3144  165.88825    0.76534    4
   4    7    4   0.775898   -17.541949    50.866336      53.8062  166.22268    3.09379    8
   1    1   12   0.775466   -11.208176    -1.519509      11.3107  166.76104    0.14240    8
   0    7    9   0.775425    -5.147512    29.142908       29.594  166.81371    0.48941    4
   0    2   12   0.775102    97.907379    27.794252      101.776  167.23373    5.98285    4
   2    3   11   0.774608    -3.761086   -18.492874      18.8715  167.90367    0.43463    8
   6    0    2   0.774451    72.427937    15.740358      74.1186  168.12475    3.41572    4
   5    3    6   0.774418    14.627168     2.083668      14.7748  168.17182    0.27256    8
   5    0    7   0.773323    26.856860  -157.505660      159.779  169.85912   18.63233    4
   0    6   10   0.773265   100.114873    20.613804      102.215  169.95558    7.69948    4
   3    9    1   0.772404    59.373787    16.702683      61.6784  171.53332    6.66398    8
   3    6    8   0.772084     4.742286   -12.831878      13.6801  172.19996    0.35609    8
   3    8    5   0.771771   -14.603345    97.709070      98.7943  172.91509   20.45959    8
   4    6    6   0.771170  -138.169099   -29.251174      141.231  174.54590   54.38349    8
   2    5   10   0.771126    23.875710  -120.180507      122.529  174.68347   41.99701    8
   4    4    8   0.771028   -35.600218    -9.428731      36.8277  175.00628    4.04002    8
   6    1    2   0.770866   -26.040872    91.696737      95.3227  175.59645   30.70445    8
   4    2    9   0.770434    74.738813    10.413825      75.4608  177.83192   39.11859    8
   6    2    0   0.770377   103.473173    29.077574      107.481  178.33778   51.76236    4
   5    6    0   0.769999   -17.224303    71.567461       73.611   -1.#IND0   -1.#IND0    4
   5    1    7   0.769752   -70.162444   -21.832701      73.4809   -1.#IND0   -1.#IND0    8
   5    5    4   0.768402  -113.899651   -17.727901      115.271   -1.#IND0   -1.#IND0    8
   3    5    9   0.767943   -29.659487     1.012811      29.6768   -1.#IND0   -1.#IND0    8
   6    2    1   0.767846   -27.557983    -4.446359      27.9144   -1.#IND0   -1.#IND0    8
   5    6    1   0.767471   -16.801854    88.318187      89.9022   -1.#IND0   -1.#IND0    8
   1   10    3   0.766979   -23.733153   132.161977      134.276   -1.#IND0   -1.#IND0    8
   1    9    6   0.765845    17.417346     3.653923      17.7965   -1.#IND0   -1.#IND0    8
   0    8    8   0.765356   -88.988103   -12.934073      89.9231   -1.#IND0   -1.#IND0    4
   1    7    9   0.765125    70.345388     9.640667      71.0029   -1.#IND0   -1.#IND0    8
   3    9    2   0.764825   -82.358844   -20.852191      84.9576   -1.#IND0   -1.#IND0    8
   1    2   12   0.764815   -11.368191    85.482071      86.2347   -1.#IND0   -1.#IND0    8
   3    7    7   0.764108  -100.627051   -21.423787      102.882   -1.#IND0   -1.#IND0    8
   4    8    0   0.763324   180.329244    31.016426      182.977   -1.#IND0   -1.#IND0    4
   1    6   10   0.763050   -11.268151    42.933442      44.3875   -1.#IND0   -1.#IND0    8
   2    9    5   0.762979    22.126391   -91.342977      93.9847   -1.#IND0   -1.#IND0    8
   2    8    7   0.762369    14.492474    10.015804      17.6167   -1.#IND0   -1.#IND0    8
   4    8    1   0.760862   -77.213763   -14.177024      78.5045   -1.#IND0   -1.#IND0    8
   6    2    2   0.760400   102.668416    18.419373      104.308   -1.#IND0   -1.#IND0    8
   5    6    2   0.760036    -3.875702   -11.719581      12.3438   -1.#IND0   -1.#IND0    8
   0   10    4   0.759682   -57.251052   -12.036858      58.5027   -1.#IND0   -1.#IND0    4
   5    2    7   0.759332    16.464232   -43.740764      46.7368   -1.#IND0   -1.#IND0    8
   2   10    0   0.759184   115.611010    22.349560      117.751   -1.#IND0   -1.#IND0    4
   0    5   11   0.759176   -18.283147   104.103038      105.696   -1.#IND0   -1.#IND0    4
   6    1    3   0.758430     5.795158   -62.009930      62.2801   -1.#IND0   -1.#IND0    8
   0    3   12   0.757612    -7.845199    28.275465      29.3436   -1.#IND0   -1.#IND0    4
   2   10    1   0.756761   -30.852340   -11.261191      32.8433   -1.#IND0   -1.#IND0    8
   3    0   11   0.755480     9.815931   -48.668829      49.6488   -1.#IND0   -1.#IND0    4
   1    8    8   0.755447     2.084049    27.097708      27.1777   -1.#IND0   -1.#IND0    8
   4    8    2   0.753615    57.521074    12.003735      58.7602   -1.#IND0   -1.#IND0    8
   4    7    5   0.753516    24.446251  -143.249350       145.32   -1.#IND0   -1.#IND0    8
   4    3    9   0.753252    -8.642309    81.447747       81.905   -1.#IND0   -1.#IND0    8
   3    9    3   0.752676   -65.638980    -6.956989      66.0066   -1.#IND0   -1.#IND0    8
   3    4   10   0.752249    -9.246736    45.570276      46.4989   -1.#IND0   -1.#IND0    8
   3    1   11   0.752150   127.334072    30.954721      131.043   -1.#IND0   -1.#IND0    8
   6    3    1   0.750833    -1.738274   -32.905099       32.951   -1.#IND0   -1.#IND0    8
   2    4   11   0.750492    52.163161     6.783331      52.6024   -1.#IND0   -1.#IND0    8
   5    4    6   0.750319    16.513665   -99.753994      101.112   -1.#IND0   -1.#IND0    8
   1   10    4   0.749989    18.734531  -101.502069      103.217   -1.#IND0   -1.#IND0    8
   2   10    2   0.749630    75.376496    12.375908      76.3857   -1.#IND0   -1.#IND0    8
   1    5   11   0.749502   172.934244    33.180610      176.089   -1.#IND0   -1.#IND0    8
   2    0   12   0.748981   240.273895    41.487523      243.829   -1.#IND0   -1.#IND0    4
   6    2    3   0.748457   -82.059453   -11.338141       82.839   -1.#IND0   -1.#IND0    8
   5    6    3   0.748109   -25.419495    92.408222      95.8407   -1.#IND0   -1.#IND0    8
   1    3   12   0.747997   -52.452679    -6.382550      52.8396   -1.#IND0   -1.#IND0    8
   5    5    5   0.746645  -138.412580   -29.206758      141.461   -1.#IND0   -1.#IND0    8
   2    1   12   0.745736   -11.307524    63.194852      64.1985   -1.#IND0   -1.#IND0    8
   6    0    4   0.745187  -125.344244   -23.207030      127.474   -1.#IND0   -1.#IND0    4
   3    8    6   0.745089    23.784407  -109.931734      112.475   -1.#IND0   -1.#IND0    8
   0    9    7   0.744416    19.076964   -80.132556      82.3721   -1.#IND0   -1.#IND0    4
   6    3    2   0.743866   -32.301483   163.699785      166.856   -1.#IND0   -1.#IND0    8
   5    3    7   0.742866  -142.624638   -28.170731       145.38   -1.#IND0   -1.#IND0    8
   3    2   11   0.742419    13.294511   -86.301677      87.3197   -1.#IND0   -1.#IND0    8
   6    1    4   0.741991   -24.195829    85.159443        88.53   -1.#IND0   -1.#IND0    8
   4    8    3   0.741983   -60.124093   -19.263743      63.1348   -1.#IND0   -1.#IND0    8
   4    5    8   0.740832    33.468181  -178.347362       181.46   -1.#IND0   -1.#IND0    8
   4    6    7   0.739997    77.136131    13.993443      78.3951   -1.#IND0   -1.#IND0    8
   0   10    5   0.738637  -111.565300   -16.881768      112.835   -1.#IND0   -1.#IND0    4
   4    0   10   0.738425    83.113603    21.468302      85.8415   -1.#IND0   -1.#IND0    4
   2   10    3   0.738179  -152.729106   -30.451299      155.735   -1.#IND0   -1.#IND0    8
   2    9    6   0.737168     5.226380   -36.250285      36.6251   -1.#IND0   -1.#IND0    8
   3    9    4   0.736599  -113.459591   -22.894969      115.747   -1.#IND0   -1.#IND0    8
   2    7    9   0.736526    -5.147512    27.946899       28.417   -1.#IND0   -1.#IND0    8
   2    2   12   0.736249    94.936586    27.794252      98.9216   -1.#IND0   -1.#IND0    8
   4    1   10   0.735314    19.883960   -57.344797      60.6943   -1.#IND0   -1.#IND0    8
   1    9    7   0.735289    -2.960313   -10.498107      10.9075   -1.#IND0   -1.#IND0    8
   0    4   12   0.735004   135.414389    30.611833      138.831   -1.#IND0   -1.#IND0    4
   2    6   10   0.734675    96.306155    20.613804      98.4876   -1.#IND0   -1.#IND0    8
   5    1    8   0.734299    34.037528     4.982322      34.4002   -1.#IND0   -1.#IND0    8
   6    3    3   0.732674    -3.397678    39.982372      40.1265   -1.#IND0   -1.#IND0    8
   6    2    4   0.732644   -63.195646   -17.289188       65.518   -1.#IND0   -1.#IND0    8
   5    6    4   0.732318    10.576796   -46.569522      47.7555   -1.#IND0   -1.#IND0    8
   3    6    9   0.731920    26.076580  -101.455354      104.753   -1.#IND0   -1.#IND0    8
   4    4    9   0.731020    74.789588    14.269720      76.1387   -1.#IND0   -1.#IND0    8
   6    4    0   0.730972   131.878558    31.032923      135.481   -1.#IND0   -1.#IND0    4
   0    7   10   0.730389    22.502544  -116.191631      118.351   -1.#IND0   -1.#IND0    4
   1   10    5   0.729719    -9.507902    51.140933      52.0173   -1.#IND0   -1.#IND0    8
   3    7    8   0.729394    88.591915    19.931429      90.8063   -1.#IND0   -1.#IND0    8
   6    4    1   0.728808   -59.378099    -9.458293      60.1267   -1.#IND0   -1.#IND0    8
   4    7    6   0.728623     3.370004   -12.632190       13.074   -1.#IND0   -1.#IND0    8
   2    8    8   0.727881   -85.091869   -12.934073      86.0693   -1.#IND0   -1.#IND0    8
   3    3   11   0.727008   131.812980    30.990772      135.407   -1.#IND0   -1.#IND0    8
   0   11    1   0.726944   -19.881220    54.993137      58.4766   -1.#IND0   -1.#IND0    4
   4    8    4   0.726569   -85.068270   -16.496444       86.653   -1.#IND0   -1.#IND0    8
   0    1   13   0.726235    -0.195743   -11.291181      11.2929   -1.#IND0   -1.#IND0    4
   1    4   12   0.726214   -11.060786    42.035447      43.4663   -1.#IND0   -1.#IND0    8
   4    2   10   0.726214   113.035370    24.172528      115.591   -1.#IND0   -1.#IND0    8
   0    8    9   0.726181    72.411526    20.244439      75.1882   -1.#IND0   -1.#IND0    4
   5    7    1   0.725501    71.439170    20.257709      74.2558   -1.#IND0   -1.#IND0    8
   5    2    8   0.725236     6.976947   -60.007429      60.4117   -1.#IND0   -1.#IND0    8
   0    6   11   0.724318   -46.300266    -1.586948      46.3275   -1.#IND0   -1.#IND0    4
   3    5   10   0.724127    23.030539     8.787593      24.6501   -1.#IND0   -1.#IND0    8
   2   10    4   0.722996   -55.125996   -12.036858      56.4248   -1.#IND0   -1.#IND0    8
   2    5   11   0.722559   -18.283147    99.882345      101.542   -1.#IND0   -1.#IND0    8
   6    4    2   0.722432     7.231397     9.189186      11.6933   -1.#IND0   -1.#IND0    8
   5    5    6   0.722405     9.302754     2.136515      9.54494   -1.#IND0   -1.#IND0    8
   6    1    5   0.722345    -2.381725    42.700206      42.7666   -1.#IND0   -1.#IND0    8
   1    7   10   0.721763   149.277062    23.221772      151.072   -1.#IND0   -1.#IND0    8
   5    4    7   0.721515    23.228127  -120.061732      122.288   -1.#IND0   -1.#IND0    8
   2    3   12   0.721211    -7.845199    27.416931      28.5173   -1.#IND0   -1.#IND0    8
   1    0   13   0.720645   -18.933280    45.343355      49.1374   -1.#IND0   -1.#IND0    4
   0   11    2   0.720616   -18.436673    98.237606      99.9527   -1.#IND0   -1.#IND0    4
   5    7    2   0.719210  -149.099122   -25.189008      151.212   -1.#IND0   -1.#IND0    8
   1   11    1   0.718438    25.399349    11.087296      27.7138   -1.#IND0   -1.#IND0    8
   6    3    4   0.717821   -27.035555   118.723993      121.763   -1.#IND0   -1.#IND0    8
   1    1   13   0.717753    58.149543    19.058798      61.1932   -1.#IND0   -1.#IND0    8
   1    8    9   0.717700    26.828902  -131.068158      133.786   -1.#IND0   -1.#IND0    8
   0    2   13   0.717464     1.240816    -2.607672      2.88783   -1.#IND0   -1.#IND0    4
   3    9    5   0.717368   -21.258852   -14.103721      25.5118   -1.#IND0   -1.#IND0    8
   3    8    7   0.716861    18.658998   -98.248278      100.004   -1.#IND0   -1.#IND0    8
   1    6   11   0.715902     7.864002   -35.010483      35.8828   -1.#IND0   -1.#IND0    8
   0   10    6   0.715145  -139.771905   -25.107886      142.009   -1.#IND0   -1.#IND0    4
   3   10    0   0.714211   -35.113897   196.306365      199.422   -1.#IND0   -1.#IND0    4
   6    2    5   0.713712   -57.743901    -7.088967      58.1774   -1.#IND0   -1.#IND0    8
   5    6    5   0.713411    -6.334646    -3.230460      7.11081   -1.#IND0   -1.#IND0    8
   1   11    2   0.712327   -75.838621   -22.540204      79.1174   -1.#IND0   -1.#IND0    8
   0    9    8   0.712207    21.563262   -94.457347      96.8874   -1.#IND0   -1.#IND0    4
   3   10    1   0.712192   -13.552594    76.943033      78.1275   -1.#IND0   -1.#IND0    8
   6    4    3   0.712166   -69.709464   -14.071073      71.1154   -1.#IND0   -1.#IND0    8
   4    3   10   0.711771    27.826716  -143.125775      145.806   -1.#IND0   -1.#IND0    8
   5    3    8   0.710850   -27.195769     2.557480      27.3158   -1.#IND0   -1.#IND0    8
   0   11    3   0.710427     1.819907    -6.575441      6.82264   -1.#IND0   -1.#IND0    4
   2    9    7   0.709799    19.076964   -77.421334       79.737   -1.#IND0   -1.#IND0    8
   1    2   13   0.709282   -28.902192   149.594815      152.361   -1.#IND0   -1.#IND0    8
   5    7    3   0.709079    31.439506     1.996874      31.5029   -1.#IND0   -1.#IND0    8
   0    5   12   0.708706    -4.580726    -2.395558      5.16931   -1.#IND0   -1.#IND0    4
   4    9    1   0.708581   -22.912218   104.381125      106.866   -1.#IND0   -1.#IND0    8
   4    6    8   0.708335     7.111063    -4.866448      8.61682   -1.#IND0   -1.#IND0    8
   4    8    5   0.708093    22.436620    -3.182433      22.6612   -1.#IND0   -1.#IND0    8
   1   10    6   0.707041    25.013082   -93.248294      96.5448   -1.#IND0   -1.#IND0    8
   3    4   11   0.706959     0.848662    41.367640      41.3763   -1.#IND0   -1.#IND0    8
   3   10    2   0.706238   -11.679479    43.979084      45.5035   -1.#IND0   -1.#IND0    8
   4    5    9   0.705133     1.636934   -35.395267      35.4331   -1.#IND0   -1.#IND0    8
   2   10    5   0.704784  -106.857353   -16.881768      108.183   -1.#IND0   -1.#IND0    8
   1    9    8   0.704202   118.636384    25.684489      121.385   -1.#IND0   -1.#IND0    8
   0    3   13   0.703526    -0.775933   -30.128953      30.1389   -1.#IND0   -1.#IND0    4
   6    5    1   0.703147   -16.461652    89.055378       90.564   -1.#IND0   -1.#IND0    8
   6    0    6   0.703013  -137.297812   -33.139752      141.241   -1.#IND0   -1.#IND0    4
   3    1   12   0.702980   -10.241700    -1.519509      10.3538   -1.#IND0   -1.#IND0    8
   4    9    2   0.702717   -11.736140     1.301864      11.8081   -1.#IND0   -1.#IND0    8
   1   11    3   0.702481    43.774124     3.633219      43.9246   -1.#IND0   -1.#IND0    8
   5    0    9   0.702168    36.549893  -174.021198      177.818   -1.#IND0   -1.#IND0    4
   4    7    7   0.702160    22.197820  -129.582452       131.47   -1.#IND0   -1.#IND0    8
   2    4   12   0.701625   130.713789    30.611833       134.25   -1.#IND0   -1.#IND0    8
   1    5   12   0.700816     2.358964    -2.213672      3.23497   -1.#IND0   -1.#IND0    8
   6    1    6   0.700328     5.917554   -32.345275      32.8821   -1.#IND0   -1.#IND0    8
