   h    k    l      d (Å)      F(real)      F(imag)          |F|         2θ          I    M  ID(λ)  Phase
   0    0    1   6.986000    64.209919     6.924349      64.5822   12.66094   25.48808    2     1     1
   0    0    1   6.986000    64.217547     6.949015      64.5924   12.69173   12.68544    2     2     1
   1    0    0   3.947344    24.431510     1.613136      24.4847   22.50615    3.37650    6     1     1
   1    0    0   3.947344    24.445138     1.618125      24.4986   22.56137    1.68155    6     2     1
   0    0    2   3.493000   -19.203309    -4.863723      19.8097   25.47983    0.56802    2     1     1
   0    0    2   3.493000   -19.182364    -4.882730       19.794   25.54258    0.28210    2     2     1
   1    0    1   3.436677    -3.611451    -2.550311      4.42116   25.90461    0.08197    6     1     1
   0    1    1   3.436677   153.002253    20.879210       154.42   25.90461  100.00000    6     1     1
   1    0    1   3.436677    -3.593119    -2.560747      4.41225   25.96844    0.04061    6     2     1
   0    1    1   3.436677   152.994114    20.955576      154.423   25.96844   49.74244    6     2     1
   1    0    2   2.615877   123.321313    17.629509      124.575   34.25148   35.77537    6     1     1
   0    1    2   2.615877    91.296775    12.487461      92.1468   34.25148   19.57414    6     1     1
   1    0    2   2.615877   123.316846    17.693836       124.58   34.33700   17.79210    6     2     1
   0    1    2   2.615877    91.298117    12.532738      92.1543   34.33700    9.73562    6     2     1
   0    0    3   2.328667    90.512751    12.826016       91.417   38.63330    4.92994    2     1     1
   0    0    3   2.328667    90.513711    12.872547      91.4245   38.73059    2.45168    2     2     1
   1    1    0   2.279000   144.833744    22.026977      146.499   39.50984   36.13889    6     1     1
   1    1    0   2.279000   144.824309    22.107595      146.502   39.60953   17.96929    6     2     1
   1    1    1   2.166626    53.981218     6.924347      54.4235   41.65163    8.86781   12     1     1
   1    1    1   2.166626    53.988846     6.949014      54.4342   41.75721    4.41060   12     2     1
   0    1    3   2.005668   -14.941618    -4.936886      15.7361   45.17076    0.30892    6     1     1
   1    0    3   2.005668   112.327643    17.364117      113.662   45.17076   16.11672    6     1     1
   0    1    3   2.005668   -14.920590    -4.956163      15.7222   45.28623    0.15330    6     2     1
   1    0    3   2.005668   112.323476    17.427460      113.667   45.28623    8.01282    6     2     1
   2    0    0   1.973672    22.348980     1.613136      22.4071   45.94459    0.60276    6     1     1
   2    0    0   1.973672    22.362609     1.618125      22.4211   46.06226    0.30002    6     2     1
   1    1    2   1.908675   -14.138085    -4.863723      14.9513   47.60390    0.49528   12     1     1
   1    1    2   1.908675   -14.117140    -4.882729      14.9377   47.72635    0.24575   12     2     1
   0    2    1   1.899328    -1.161513    -2.550311      2.80236   47.85278    0.00860    6     1     1
   2    0    1   1.899328   129.880847    20.879210      131.548   47.85278   18.94509    6     1     1
   0    2    1   1.899328    -1.143181    -2.560746      2.80433   47.97594    0.00428    6     2     1
   2    0    1   1.899328   129.872709    20.955576      131.552   47.97594    9.41801    6     2     1
   0    0    4   1.746500   125.086867    20.731744      126.793   52.34198    4.78391    2     1     1
   0    0    4   1.746500   125.078895    20.807565      126.798   52.47840    2.37798    2     2     1
   2    0    2   1.718339    79.959473    12.487461      80.9287   53.26674    5.61815    6     1     1
   0    2    2   1.718339   107.614466    17.629509      109.049   53.26674   10.20072    6     1     1
   2    0    2   1.718339    79.960815    12.532738       80.937   53.40596    2.79300    6     2     1
   0    2    2   1.718339   107.609999    17.693836      109.055   53.40596    5.07070    6     2     1
   1    1    3   1.628772    80.074904    12.826016      81.0956   56.44941    9.88845   12     1     1
   1    1    3   1.628772    80.075864    12.872547      81.1039   56.59842    4.91579   12     2     1
   0    1    4   1.597152    50.502406     7.278960      51.0243   57.67063    1.86477    6     1     1
   1    0    4   1.597152    -1.851992    -2.757460      3.32167   57.67063    0.00790    6     1     1
   0    1    4   1.597152    50.509633     7.304940      51.0351   57.82348    0.92722    6     2     1
   1    0    4   1.597152    -1.833426    -2.768663      3.32068   57.82348    0.00393    6     2     1
   0    2    3   1.505634   100.548684    17.364120      102.037   61.54219    6.44712    6     1     1
   2    0    3   1.505634   -12.796889    -4.936886      13.7162   61.54219    0.11650    6     1     1
   0    2    3   1.505634   100.544517    17.427464      102.044   61.70751    3.20487    6     2     1
   2    0    3   1.505634   -12.775861    -4.956164      13.7035   61.70751    0.05780    6     2     1
   2    1    0   1.491956    20.421921     1.613137      20.4855   62.16875    0.50821   12     1     1
   2    1    0   1.491956    20.435550     1.618126      20.4995   62.33613    0.25294   12     2     1
   2    1    1   1.459053    -0.613728    -2.550311      2.62312   63.73310    0.00789   12     1     1
   1    2    1   1.459053   116.764547    20.879211      118.617   63.73310   16.13388   12     1     1
   2    1    1   1.459053    -0.595396    -2.560746      2.62905   63.90570    0.00394   12     2     1
   1    2    1   1.459053   116.756409    20.955578      118.622   63.90570    8.02025   12     2     1
   0    0    5   1.397200    18.390821     1.306941      18.4372   66.91446    0.05851    2     1     1
   0    0    5   1.397200    18.404796     1.310796      18.4514   67.09795    0.02913    2     2     1
   1    1    4   1.386249   113.304616    20.731743      115.186   67.51370   13.44733   12     1     1
   1    1    4   1.386249   113.296644    20.807563      115.192   67.69929    6.68582   12     2     1
   2    1    2   1.372040    97.657957    17.629509      99.2365   68.30869    9.74053   12     1     1
   1    2    2   1.372040    72.643839    12.487461      73.7093   68.30869    5.37384   12     1     1
   2    1    2   1.372040    97.653490    17.693836      99.2435   68.49708    4.84326   12     2     1
   1    2    2   1.372040    72.645182    12.532737      73.7183   68.49708    2.67230   12     2     1
   0    1    5   1.317125   116.671959    22.022313      118.732   71.58223    6.34245    6     1     1
   1    0    5   1.317125    20.886952     1.923996      20.9754   71.58223    0.19794    6     1     1
   3    0    0   1.315781   116.634786    22.026977      118.697   71.66660    6.32401    6     1     1
   0    1    5   1.317125   116.662529    22.102914      118.738   71.78245    3.15422    6     2     1
   1    0    5   1.317125    20.900229     1.930137      20.9892   71.78245    0.09856    6     2     1
   3    0    0   1.315781   116.625351    22.107595      118.702   71.86713    3.14507    6     2     1
   0    2    4   1.307939    -1.407676    -2.757459      3.09599   72.16355    0.00424    6     1     1
   2    0    4   1.307939    46.252293     7.278960      46.8216   72.16355    0.97085    6     1     1
   0    2    4   1.307939    -1.389110    -2.768662       3.0976   72.36592    0.00211    6     2     1
   2    0    4   1.307939    46.259520     7.304940      46.8327   72.36592    0.48303    6     2     1
   0    3    1   1.293046    44.323070     6.924350      44.8607   73.12827    0.86879    6     1     1
   3    0    1   1.293046    44.323054     6.924347      44.8607   73.12827    0.86879    6     1     1
   0    3    1   1.293046    44.330698     6.949016       44.872   73.33424    0.43230    6     2     1
   3    0    1   1.293046    44.330682     6.949013       44.872   73.33424    0.43230    6     2     1
   1    2    3   1.256237   -11.442337    -4.936886      12.4619   75.63922    0.12599   12     1     1
   2    1    3   1.256237    92.233887    17.364120      93.8542   75.63922    7.14593   12     1     1
   1    2    3   1.256237   -11.421309    -4.956164      12.4503   75.85480    0.06256   12     2     1
   2    1    3   1.256237    92.229720    17.427464      93.8618   75.85480    3.55549   12     2     1
   0    3    2   1.231319   -10.945804    -4.863723      11.9777   77.45052    0.05585    6     1     1
   3    0    2   1.231319   -10.945801    -4.863722      11.9777   77.45052    0.05585    6     1     1
   0    3    2   1.231319   -10.924859    -4.882729      11.9664   77.67323    0.02774    6     2     1
   3    0    2   1.231319   -10.924855    -4.882728      11.9663   77.67323    0.02774    6     2     1
   1    1    5   1.191163    17.176440     1.306941      17.2261   80.58291    0.21681   12     1     1
   1    1    5   1.191163    17.190414     1.310796      17.2403   80.81840    0.10811   12     2     1
   0    0    6   1.164333     0.769476    -2.335649      2.45914   82.84055    0.00071    2     1     1
   0    0    6   1.164333     0.787566    -2.345289      2.47399   83.08562    0.00036    2     2     1
   3    0    3   1.145559    67.721622    12.826016      68.9255   84.50818    1.62582    6     1     1
   0    3    3   1.145559    67.721622    12.826016      68.9255   84.50818    1.62582    6     1     1
   3    0    3   1.145559    67.722582    12.872547      68.9351   84.76055    0.81018    6     2     1
   0    3    3   1.145559    67.722582    12.872547      68.9351   84.76055    0.81018    6     2     1
   0    2    5   1.140372    19.557545     1.923998       19.652   84.98258    0.13127    6     1     1
   2    0    5   1.140372   108.035320    22.022313      110.257   84.98258    4.13211    6     1     1
   2    2    0   1.139500   108.008755    22.026977      110.232   85.06295    4.12558    6     1     1
   0    2    5   1.140372    19.570822     1.930138      19.6658   85.23706    0.06550    6     2     1
   2    0    5   1.140372   108.025891    22.102914      110.264   85.23706    2.05900    6     2     1
   2    2    0   1.139500   107.999320    22.107595      110.239   85.31779    2.05577    6     2     1
   1    2    4   1.134395    43.009321     7.278962      43.6209   85.53695    1.28369   12     1     1
   2    1    4   1.134395    -1.036280    -2.757458      2.94575   85.53695    0.00585   12     1     1
   1    2    4   1.134395    43.016548     7.304942      43.6324   85.79392    0.63998   12     2     1
   2    1    4   1.134395    -1.017714    -2.768661      2.94978   85.79392    0.00293   12     2     1
   2    2    1   1.124637    41.260037     6.924351       41.837   86.46000    1.16676   12     1     1
   2    2    1   1.124637    41.267664     6.949017      41.8486   86.72116    0.58182   12     2     1
   0    1    6   1.116764    39.565482     6.570764      40.1074   87.22181    0.53122    6     1     1
   1    0    6   1.116764   102.378066    21.018134      104.513   87.22181    3.60721    6     1     1
   0    1    6   1.116764    39.573509     6.594120      40.1191   87.48649    0.26496    6     2     1
   1    0    6   1.116764   102.369771    21.095015      104.521   87.48649    1.79835    6     2     1
   3    1    0   1.094796    17.842316     1.613137      17.9151   89.43278    0.20711   12     1     1
   3    1    0   1.094796    17.855945     1.618126      17.9291   89.70790    0.10346   12     2     1
   2    2    2   1.083313    -9.888772    -4.863722      11.0201   90.64184    0.07755   12     1     1
   1    3    1   1.081595    -0.011871    -2.550313      2.55034   90.82601    0.00415   12     1     1
   3    1    1   1.081595    99.880283    20.879210      102.039   90.82601    6.63898   12     1     1
   2    2    2   1.083313    -9.867826    -4.882729      11.0098   90.92284    0.03862   12     2     1
   1    3    1   1.081595     0.006461    -2.560748      2.56076   91.10792    0.00209   12     2     1
   3    1    1   1.081595    99.872144    20.955576      102.047   91.10792    3.31279   12     2     1
   3    0    4   1.050917    97.547650    20.731742      99.7264   94.27289    3.10554    6     1     1
   0    3    4   1.050917    97.547656    20.731743      99.7264   94.27289    3.10554    6     1     1
   3    0    4   1.050917    97.539678    20.807562      99.7344   94.57235    1.55113    6     2     1
   0    3    4   1.050917    97.539684    20.807563      99.7344   94.57235    1.55113    6     2     1
   1    3    2   1.044685    84.253671    17.629512      86.0783   95.01195    4.61430   12     1     1
   3    1    2   1.044685    62.804155    12.487458      64.0336   95.01195    2.55348   12     1     1
   1    3    2   1.044685    84.249204    17.693839      86.0872   95.31532    2.30532   12     2     1
   3    1    2   1.044685    62.805498    12.532735      64.0437   95.31532    1.27587   12     2     1
   1    1    6   1.036853     0.986126    -2.335649      2.53529   95.96112    0.00399   12     1     1
   1    1    6   1.036853     1.004215    -2.345289      2.55124   96.26960    0.00202   12     2     1
   2    2    3   1.023528    63.429591    12.826016      64.7134   97.63033    2.59362   12     1     1
   2    2    3   1.023528    63.430551    12.872547      64.7235   97.94801    1.29696   12     2     1
   1    2    5   1.019824   101.060174    22.022313      103.432   98.10722    6.62391   12     1     1
   2    1    5   1.019824    18.514022     1.923995      18.6137   98.10722    0.21452   12     1     1
   1    2    5   1.019824   101.050745    22.102914       103.44   98.42760    3.31231   12     2     1
   2    1    5   1.019824    18.527299     1.930135      18.6276   98.42760    0.10742   12     2     1
   0    2    6   1.002834    95.919661    21.018134      98.1954  100.37064    2.99055    6     1     1
   2    0    6   1.002834    37.232057     6.570760      37.8074  100.37064    0.44333    6     1     1
   0    2    6   1.002834    95.911365    21.095016      98.2038  100.70415    1.49656    6     2     1
   2    0    6   1.002834    37.240084     6.594117      37.8194  100.70415    0.22196    6     2     1
   0    0    7   0.998000    82.954812    17.888589      84.8617  101.03884    0.74562    2     1     1
   0    0    7   0.998000    82.950053    17.953875      84.8708  101.37634    0.37323    2     2     1
   3    1    3   0.990764    -9.405346    -4.936886      10.6223  102.06039    0.07031   12     1     1
   1    3    3   0.990764    80.461446    17.364118      82.3138  102.06039    4.22214   12     1     1
   3    1    3   0.990764    -9.384318    -4.956163      10.6127  102.40411    0.03514   12     2     1
   1    3    3   0.990764    80.457279    17.427462      82.3231  102.40411    2.11421   12     2     1
   4    0    0   0.986836    16.955251     1.613136      17.0318  102.62594    0.09057    6     1     1
   4    0    0   0.986836    16.968879     1.618125      17.0459  102.97317    0.04543    6     2     1
   4    0    1   0.977135     0.247282    -2.550312      2.56227  104.05782    0.00206    6     1     1
   0    4    1   0.977135    93.791615    20.879210      96.0875  104.05782    2.90219    6     1     1
   4    0    1   0.977135     0.265614    -2.560747      2.57449  104.41411    0.00104    6     2     1
   0    4    1   0.977135    93.783476    20.955576      96.0962  104.41411    1.45420    6     2     1
   0    1    7   0.967555    -8.576816    -4.781459      9.81958  105.52364    0.03058    6     1     1
   1    0    7   0.967555    58.560684    12.146114       59.807  105.52364    1.13423    6     1     1
   0    1    7   0.967555    -8.555964    -4.800160      9.81051  105.88953    0.01530    6     2     1
   1    0    7   0.967555    58.562412    12.190126      59.8177  105.88953    0.56872    6     2     1
   3    0    5   0.957889    15.492164     1.306941      15.5472  107.05857    0.07751    6     1     1
   0    3    5   0.957889    15.492164     1.306941      15.5472  107.05857    0.07751    6     1     1
   3    0    5   0.957889    15.506138     1.310796      15.5614  107.43486    0.03894    6     2     1
   0    3    5   0.957889    15.506138     1.310796      15.5614  107.43486    0.03894    6     2     1
   2    2    4   0.954338    91.788605    20.731743      94.1008  107.63738    5.70571   12     1     1
   2    2    4   0.954338    91.780633    20.807563      94.1097  108.01769    2.86270   12     2     1
   0    4    2   0.949664    59.208807    12.487460      60.5113  108.41203    1.18768    6     1     1
   4    0    2   0.949664    79.345725    17.629509      81.2806  108.41203    2.14289    6     1     1
   0    4    2   0.949664    59.210149    12.532736       60.522  108.79781    0.59616    6     2     1
   4    0    2   0.949664    79.341258    17.693836      81.2903  108.79781    1.07550    6     2     1
   3    1    4   0.927613    38.250617     7.278960       38.937  112.28124    1.02446   12     1     1
   1    3    4   0.927613    -0.422099    -2.757459      2.78958  112.28124    0.00526   12     1     1
   3    1    4   0.927613    38.257844     7.304940       38.949  112.69599    0.51513   12     2     1
   1    3    4   0.927613    -0.403533    -2.768662      2.79791  112.69599    0.00266   12     2     1
   1    2    6   0.917898    35.290065     6.570764      35.8966  114.11063    0.89112   12     1     1
   2    1    6   0.917898    90.552949    21.018133      92.9602  114.11063    5.97616   12     1     1
   1    2    6   0.917898    35.298092     6.594120      35.9087  114.54013    0.44845   12     2     1
   2    1    6   0.917898    90.544654    21.095014      92.9695  114.54013    3.00601   12     2     1
   1    1    7   0.914187    78.370522    17.888586      80.3862  114.83200    4.51273   12     1     1
   1    1    7   0.914187    78.365762    17.953873      80.3961  115.26752    2.27068   12     2     1
   0    4    3   0.908615    -8.639986    -4.936886      9.95099  115.93985    0.03512    6     1     1
   4    0    3   0.908615    76.059526    17.364123      78.0164  115.93985    2.15895    6     1     1
   0    4    3   0.908615    -8.618958    -4.956163      9.94233  116.38484    0.01765    6     2     1
   4    0    3   0.908615    76.055359    17.427467      78.0265  116.38484    1.08684    6     2     1
   3    2    0   0.905583    16.207560     1.613134      16.2876  116.55584    0.18992   12     1     1
   3    2    0   0.905583    16.221189     1.618123      16.3017  117.00623    0.09577   12     2     1
   2    3    1   0.898069    88.708140    20.879207      91.1322  118.12427    6.09159   12     1     1
   3    2    1   0.898069     0.450314    -2.550313      2.58976  118.12427    0.00492   12     1     1
   2    3    1   0.898069    88.700002    20.955574      91.1418  118.58886    3.06933   12     2     1
   3    2    1   0.898069     0.468646    -2.560748      2.60328  118.58886    0.00250   12     2     1
   0    2    7   0.890614    55.503880    12.146114      56.8173  119.74367    1.21592    6     1     1
   2    0    7   0.890614    -7.886888    -4.781459      9.22309  119.74367    0.03204    6     1     1
   0    2    7   0.890614    55.505608    12.190126      56.8284  120.22362    0.61322    6     2     1
   2    0    7   0.890614    -7.866035    -4.800160      9.21499  120.22362    0.01612    6     2     1
   2    2    5   0.883058    14.843958     1.306941      14.9014  121.45534    0.17236   12     1     1
   2    2    5   0.883058    14.857932     1.310796      14.9156  121.95237    0.08713   12     2     1
   2    3    2   0.876602    56.184063    12.487460      57.5551  122.97909    2.64452   12     1     1
   3    2    2   0.876602    75.224388    17.629514      77.2626  122.97909    4.76561   12     1     1
   2    3    2   0.876602    56.185405    12.532736      57.5662  123.49212    1.33575   12     2     1
   3    2    2   0.876602    75.219921    17.693841      77.2729  123.49212    2.40682   12     2     1
   0    0    8   0.873250    73.045336    17.092590      75.0185  123.79419    0.76056    2     1     1
   3    0    6   0.871959     1.303651    -2.335649      2.67484  124.11273    0.00292    6     1     1
   0    3    6   0.871959     1.303651    -2.335649      2.67484  124.11273    0.00292    6     1     1
   0    0    8   0.873250    73.041476    17.154928       75.029  124.31612    0.38427    2     2     1
   3    0    6   0.871959     1.321740    -2.345289       2.6921  124.63820    0.00149    6     2     1
   0    3    6   0.871959     1.321740    -2.345289       2.6921  124.63820    0.00149    6     2     1
   3    1    5   0.861758    90.418599    22.022313      93.0618  126.72647    7.45011   12     1     1
   1    3    5   0.861758    16.900842     1.923994        17.01  126.72647    0.24890   12     1     1
   4    1    0   0.861381    90.408277    22.026977      93.0529  126.82643    7.46433   12     1     1
   3    1    5   0.861758    90.409169    22.102914      93.0718  127.28247    3.76986   12     2     1
   1    3    5   0.861758    16.914119     1.930135      17.0239  127.28247    0.12613   12     2     1
   4    1    0   0.861381    90.398842    22.107595      93.0629  127.38366    3.77727   12     2     1
   4    0    4   0.859169    -0.216307    -2.757459      2.76593  127.41890    0.00334    6     1     1
   0    4    4   0.859169    36.416776     7.278960      37.1371  127.41890    0.60196    6     1     1
   4    0    4   0.859169    -0.197741    -2.768662      2.77571  127.98348    0.00170    6     2     1
   0    4    4   0.859169    36.424003     7.304940      37.1493  127.98348    0.30486    6     2     1
   1    4    1   0.854907    35.007956     6.924347      35.6862  128.58747    1.14019   12     1     1
   4    1    1   0.854907    35.007992     6.924357      35.6862  128.58747    1.14019   12     1     1
   4    1    1   0.854907    35.015620     6.949023      35.6985  129.16701    0.57785   12     2     1
   1    4    1   0.854907    35.015583     6.949013      35.6985  129.16701    0.57785   12     2     1
